0.0 2.5900246876000534 4.025415143840219 3.9204326114249177 1.0 0.0 0.0 0.0
0.2 2.738693719734155 3.720998509578803 3.782563228322789 1.0 0.0 0.0 0.0
0.4 2.6539670283441863 3.8113364120891298 3.7612526000670305 1.0 0.0 0.0 0.0
0.6 2.736499020701709 4.110593530234575 3.840333843808886 1.0 0.0 0.0 0.0
0.8 2.698825622459424 3.696705122623757 3.884107437422961 1.0 0.0 0.0 0.0
1.0 2.372572679756236 3.7954256099735124 3.793231302221118 1.0 0.0 0.0 0.0
1.2 2.3435170289780323 3.900707350283777 3.9497597109585287 1.0 0.0 0.0 0.0
1.4 2.739787687990227 3.8282202614128895 3.8295421881545995 1.0 0.0 0.0 0.0
1.6 2.5927067379550084 3.6144459893270873 3.734505308130819 1.0 0.0 0.0 0.0
1.8 2.784688245720812 3.8203259231087605 3.8551830033803522 1.0 0.0 0.0 0.0
2.0 2.6969864362563056 3.7050879936680117 3.7349592630755355 1.0 0.0 0.0 0.0
2.2 2.414145802208381 3.8747464580352613 3.951178856710454 1.0 0.0 0.0 0.0
2.4 2.7413080914137558 3.6813646032413825 3.9527159074044143 1.0 0.0 0.0 0.0
2.6 2.689141130231468 3.598172111574154 3.651143663447233 1.0 0.0 0.0 0.0
2.8 2.67354719394847 3.7849402133275056 3.772129578714983 1.0 0.0 0.0 0.0
3.0 2.510632207561084 3.784588324223602 3.7559150063724163 1.0 0.0 0.0 0.0
3.2 2.9610672693031543 3.5882678999128026 3.9213393518758277 1.0 0.0 0.0 0.0
3.4 2.63069606922059 3.7180215790713134 3.7345632962504993 1.0 0.0 0.0 0.0
3.6 2.9431894039780637 3.6327372409941896 3.630081484092238 1.0 0.0 0.0 0.0
3.8 3.085630487609487 3.713493328556465 3.5643571862429293 1.0 0.0 0.0 0.0
4.0 3.0489875715101236 3.688502878132594 3.923246063994333 1.0 0.0 0.0 0.0
4.2 2.7441140010125427 3.955999400921038 3.7757243453276734 1.0 0.0 0.0 0.0
4.4 2.840448012174726 3.567015391367419 3.804220816756109 1.0 0.0 0.0 0.0
4.6 2.9800513582095993 3.865280845749446 3.990143253537811 1.0 0.0 0.0 0.0
4.8 3.107454334486853 3.5648102537026034 3.5654029335675976 1.0 0.0 0.0 0.0
5.0 2.9886814081468884 3.870336389562099 3.9274548456627727 1.0 0.0 0.0 0.0
5.2 2.944801984714434 4.007471874667043 3.674547646427377 1.0 0.0 0.0 0.0
5.4 2.887896959496313 3.9907914613058697 3.820349865320617 1.0 0.0 0.0 0.0
5.6 3.056059138766077 4.0130243112471495 3.7391591926633727 1.0 0.0 0.0 0.0
5.8 3.131109301514772 3.9820294700535603 3.893431543648868 1.0 0.0 0.0 0.0
6.0 3.154164007045051 3.9681151446922325 3.65120987664377 1.0 0.0 0.0 0.0
6.2 3.1877424551374545 4.155770727018732 3.983205345325472 1.0 0.0 0.0 0.0
6.4 3.235884628261127 4.235105576349813 3.7426682795055806 1.0 0.0 0.0 0.0
6.6 3.24543015283264 3.9895153635750793 3.717659148534599 1.0 0.0 0.0 0.0
6.8 3.1267479127836975 4.271149943288674 3.8707485315768 1.0 0.0 0.0 0.0
7.0 3.2964378755357737 4.389223453834266 3.9990050578910834 1.0 0.0 0.0 0.0
7.2 3.6123108223915725 4.095984902930362 3.7156133099252493 1.0 0.0 0.0 0.0
7.4 3.7563125732563076 4.291896533896483 3.7918625203809855 1.0 0.0 0.0 0.0
7.6 3.7864038647497757 4.266342126131568 4.005348709720261 1.0 0.0 0.0 0.0
7.8 3.500643457835545 4.475711916219426 3.578885188629169 1.0 0.0 0.0 0.0
8.0 3.7576267420587506 4.603665761414443 3.6678497134060484 1.0 0.0 0.0 0.0
8.2 3.928308022811743 4.441707635294021 3.8211236788992036 1.0 0.0 0.0 0.0
8.4 3.9138908106790042 4.5883516193302345 3.875121078182593 1.0 0.0 0.0 0.0
8.6 3.872868095596144 4.556592592346201 4.048180863428402 1.0 0.0 0.0 0.0
8.8 3.692956450717574 4.843522696205898 3.8136420879863326 1.0 0.0 0.0 0.0
9.0 4.1198680961428895 4.575410582617853 3.987821503275926 1.0 0.0 0.0 0.0
9.2 4.083951556548161 5.046070134465538 3.718288617704715 1.0 0.0 0.0 0.0
9.4 4.104475778585095 5.21607817059641 3.75345368619643 1.0 0.0 0.0 0.0
9.6 3.887667225754546 5.559254692110493 3.828561450418662 1.0 0.0 0.0 0.0
9.8 4.051296345071103 5.427121304489651 3.9130704776438296 1.0 0.0 0.0 0.0
10.0 4.412949519933622 5.592431339600156 3.706312699547125 1.0 0.0 0.0 0.0
10.2 4.296210430244348 5.6025868982427856 4.010361429826759 1.0 0.0 0.0 0.0
10.4 4.229045446874987 5.637749426678322 3.908569231106778 1.0 0.0 0.0 0.0
10.6 4.243218198825161 5.855329294343238 3.942703285387192 1.0 0.0 0.0 0.0
10.8 4.015397753367351 6.03633926596135 3.9290373925591906 1.0 0.0 0.0 0.0
11.0 4.210288240773699 5.628056530011542 3.879897159250234 1.0 0.0 0.0 0.0
11.2 4.227822924698568 5.822497270584537 3.997927356089141 1.0 0.0 0.0 0.0
11.4 4.189889362766951 6.182390850633774 3.724134360282157 1.0 0.0 0.0 0.0
11.6 4.043823306205748 6.015749947513455 3.853512564812524 1.0 0.0 0.0 0.0
11.8 4.262443430499004 6.0597323973833035 3.9978739714050837 1.0 0.0 0.0 0.0
12.0 4.254251829730051 6.003759476304243 4.034138719595386 1.0 0.0 0.0 0.0
12.2 4.469133663146342 6.3981740259806 3.690273587681818 1.0 0.0 0.0 0.0
12.4 4.119486416718059 6.133947298827047 3.8226490959644703 1.0 0.0 0.0 0.0
12.6 4.214747800998516 6.102537777037003 3.7174833497379343 1.0 0.0 0.0 0.0
12.8 4.5369357003528865 6.225735873949104 4.100784275688406 1.0 0.0 0.0 0.0
13.0 4.214385536017728 6.190474473294711 4.095128798483316 1.0 0.0 0.0 0.0
13.2 4.402072143343806 6.550795786755065 3.780073213178971 1.0 0.0 0.0 0.0
13.4 4.249521615432878 6.2978905298363035 4.063422087120985 1.0 0.0 0.0 0.0
13.6 4.239288557435149 6.611958182087192 4.174758435622913 1.0 0.0 0.0 0.0
13.8 4.315173345616034 6.570492932666714 3.9820948940212677 1.0 0.0 0.0 0.0
14.0 4.498995884619657 6.5656532272887125 3.817208722011694 1.0 0.0 0.0 0.0
14.2 4.400648061207551 6.651689532728317 3.932690971177239 1.0 0.0 0.0 0.0
14.4 4.272612815222029 6.723760649849533 4.302460205275149 1.0 0.0 0.0 0.0
14.6 4.558608568116573 6.768289435877633 4.010523889523631 1.0 0.0 0.0 0.0
14.8 4.068593078362184 6.409150201022841 4.044731540129471 1.0 0.0 0.0 0.0
15.0 4.159994036048081 6.816367089800325 3.958183035097295 1.0 0.0 0.0 0.0
15.2 4.374300645135899 6.6265380147116 4.081041031752126 1.0 0.0 0.0 0.0
15.4 4.275496067149094 6.683458896550706 4.254654808121813 1.0 0.0 0.0 0.0
15.6 3.8802856528961405 6.457960043693333 4.338851301371371 1.0 0.0 0.0 0.0
15.8 4.018688207891715 6.837248032983021 4.216757326836329 1.0 0.0 0.0 0.0
16.0 4.017325245540672 6.637367678812561 4.008094347914158 1.0 0.0 0.0 0.0
16.2 3.853001042841262 6.849632946950328 4.46742580441775 1.0 0.0 0.0 0.0
16.4 3.6281697977048113 6.500603337323598 4.473099197561156 1.0 0.0 0.0 0.0
16.6 3.8643416417684575 6.957473459753828 4.032561503371347 1.0 0.0 0.0 0.0
16.8 3.670295676850065 6.685659835334416 4.126605043509373 1.0 0.0 0.0 0.0
17.0 3.5622061978892976 6.70237822908765 4.149941503105259 1.0 0.0 0.0 0.0
17.2 3.6539603600911637 6.915405993921222 4.319660706874999 1.0 0.0 0.0 0.0
17.4 3.748841096040191 6.637825051241657 4.222612376462505 1.0 0.0 0.0 0.0
17.6 3.4206993809093915 7.002872627457651 4.527038408211567 1.0 0.0 0.0 0.0
17.8 3.129596862243395 6.692310142618234 4.207614687182087 1.0 0.0 0.0 0.0
18.0 3.3592861656073083 7.184677115296404 4.172992479308895 1.0 0.0 0.0 0.0
18.2 3.168082682620823 6.9451718910574884 4.167059956174578 1.0 0.0 0.0 0.0
18.4 3.4259142218886307 7.270224158005127 4.379022279118942 1.0 0.0 0.0 0.0
18.6 3.2503486996728865 7.262598243447739 4.430628186471519 1.0 0.0 0.0 0.0
18.8 3.2037641709661826 7.210564977208535 4.5814872633267605 1.0 0.0 0.0 0.0
19.0 2.8828201107889684 7.168310591810724 4.566095917691133 1.0 0.0 0.0 0.0
19.2 3.2379388834591976 7.0062920425468915 4.418916955613464 1.0 0.0 0.0 0.0
19.4 2.928170663857134 7.09075993958559 4.342498108703016 1.0 0.0 0.0 0.0
19.6 2.8419790032204304 7.406235320003795 4.540147623437682 1.0 0.0 0.0 0.0
19.8 3.001981096211508 7.058189449214176 4.503401179856095 1.0 0.0 0.0 0.0
20.0 2.8814218558647475 7.372524110816454 4.581974767577934 1.0 0.0 0.0 0.0
20.2 3.0803386551216674 7.433550787495384 4.293387448245296 1.0 0.0 0.0 0.0
20.4 3.089289297926023 7.099201027385658 4.400469195068807 1.0 0.0 0.0 0.0
20.6 2.9014772031176075 7.506468657612394 4.296625883886559 1.0 0.0 0.0 0.0
20.8 2.9766829648539117 7.481001661742746 4.358310878192036 1.0 0.0 0.0 0.0
21.0 2.7353490508276566 7.302531009133922 4.571074933703638 1.0 0.0 0.0 0.0
21.2 2.7114633379003115 7.163172345525642 4.362113711305742 1.0 0.0 0.0 0.0
21.4 2.7732497867349495 7.253804382969258 4.576159196818149 1.0 0.0 0.0 0.0
21.6 2.855486240504451 7.216161836021308 4.440030181212525 1.0 0.0 0.0 0.0
21.8 2.9906651212193673 7.644848699744364 4.613632764156645 1.0 0.0 0.0 0.0
22.0 2.8730794853886934 7.634333933588453 4.658091476887827 1.0 0.0 0.0 0.0
22.2 2.7896539403281366 7.693296523784893 4.329226277603706 1.0 0.0 0.0 0.0
22.4 2.6255112657225714 7.520734077525068 4.424628788608294 1.0 0.0 0.0 0.0
22.6 2.820027361926036 7.449639913017755 4.5225832658200575 1.0 0.0 0.0 0.0
22.8 2.463383132166459 7.826860243422212 4.592609591318954 1.0 0.0 0.0 0.0
23.0 2.763201626620605 7.5220656428705865 4.438281913619564 1.0 0.0 0.0 0.0
23.2 2.3423962322190097 7.597208438572016 4.368251345927619 1.0 0.0 0.0 0.0
23.4 2.760152207168363 7.500337601395775 4.544474177675124 1.0 0.0 0.0 0.0
23.6 2.4052163593298443 8.033774725416198 4.162068184877645 1.0 0.0 0.0 0.0
23.8 2.5630310794194706 8.013427882433644 4.245229362889883 1.0 0.0 0.0 0.0
24.0 2.331108124939005 7.765340347277036 4.154013873480398 1.0 0.0 0.0 0.0
24.2 2.662099449934646 8.25788845600729 4.285824899888448 1.0 0.0 0.0 0.0
24.4 2.531138349672066 8.173849504560588 4.176843742165472 1.0 0.0 0.0 0.0
24.6 2.581640954643632 8.240199569045426 4.234288905866526 1.0 0.0 0.0 0.0
24.8 2.467142910118121 8.217535413642295 4.421582122021221 1.0 0.0 0.0 0.0
25.0 2.2112193483440885 8.312320942138067 4.284325803831706 1.0 0.0 0.0 0.0
25.2 2.464855070939554 8.457611729762313 4.172246213911441 1.0 0.0 0.0 0.0
25.4 2.1579782616624956 8.360567570152373 4.3106990687203695 1.0 0.0 0.0 0.0
25.6 2.3934674480289027 8.610717307466562 3.9481763775821985 1.0 0.0 0.0 0.0
25.8 2.4906471566329174 8.277532281280378 4.1137324604135115 1.0 0.0 0.0 0.0
26.0 2.435822495655341 8.509629214988841 4.3041349163582385 1.0 0.0 0.0 0.0
26.2 2.1806647766690124 8.860372226963655 4.201346879865484 1.0 0.0 0.0 0.0
26.4 2.1917768869339334 8.850647079392667 4.198220293919495 1.0 0.0 0.0 0.0
26.6 1.889261785006997 8.581206678739091 4.260694337199112 1.0 0.0 0.0 0.0
26.8 2.103833362919089 8.6445805190154 4.223460290414866 1.0 0.0 0.0 0.0
27.0 1.8218791724825785 8.834615608009345 4.1557705005650405 1.0 0.0 0.0 0.0
27.2 1.9260324483940292 8.87761781290226 4.090280230601653 1.0 0.0 0.0 0.0
27.4 2.054209610552691 8.781245507419747 4.007721228684601 1.0 0.0 0.0 0.0
27.6 2.2349549372612914 8.949444546039876 4.1795520739029275 1.0 0.0 0.0 0.0
27.8 2.035773748765074 8.851177674119361 4.022162798495717 1.0 0.0 0.0 0.0
28.0 1.8218103013173161 8.73929316738086 3.61497540745164 1.0 0.0 0.0 0.0
28.2 1.6754327059783358 9.017411119907194 3.8636015031088213 1.0 0.0 0.0 0.0
28.4 1.68285405884563 8.797023835201806 4.0232859777808345 1.0 0.0 0.0 0.0
28.6 1.5128480112635112 9.098861765783022 3.8024485924488483 1.0 0.0 0.0 0.0
28.8 1.5986777275284265 8.934401682176885 3.7008040835421547 1.0 0.0 0.0 0.0
29.0 1.8292592685036375 9.237145478948205 3.7457368027075733 1.0 0.0 0.0 0.0
29.2 1.7430639139882076 9.223217060383583 3.872794970394355 1.0 0.0 0.0 0.0
29.4 1.4220061057412134 9.120120097534716 3.705783495606972 1.0 0.0 0.0 0.0
29.6 1.426911193653899 9.16480106656074 3.466007074913717 1.0 0.0 0.0 0.0
29.8 1.4155086137880568 9.359630417676284 3.6719884374950444 1.0 0.0 0.0 0.0
30.0 1.548301256462362 9.27097140010612 3.7089731311766254 1.0 0.0 0.0 0.0
30.2 1.544211648046969 9.270296359948556 3.4276266145015652 1.0 0.0 0.0 0.0
30.4 1.304124861002964 9.366055833893544 3.7623856189546325 1.0 0.0 0.0 0.0
30.6 1.3457459991716934 9.294035496035303 3.718473309217057 1.0 0.0 0.0 0.0
30.8 1.2747602587199984 9.471870006380934 3.6668901616988863 1.0 0.0 0.0 0.0
31.0 1.1378624166128275 9.117185533669582 3.559628947374224 1.0 0.0 0.0 0.0
31.2 1.5166889989488737 9.180754812028146 3.655126196640004 1.0 0.0 0.0 0.0
31.4 1.3494136268108357 9.164820185192877 3.4752053838954393 1.0 0.0 0.0 0.0
31.6 1.2804942278883518 9.408930542218494 3.511164020422081 1.0 0.0 0.0 0.0
31.8 1.1971143376596547 9.5677023832946 3.6482657379287584 1.0 0.0 0.0 0.0
32.0 1.0141464012511638 9.679451702485474 3.3028110188052446 1.0 0.0 0.0 0.0
32.2 1.1053311332108 9.522654146800727 3.502896661483262 1.0 0.0 0.0 0.0
32.4 1.0240939267070641 9.5973498191822 3.2955296775874015 1.0 0.0 0.0 0.0
32.6 1.0445354256791226 9.430735456164715 3.5590336735300103 1.0 0.0 0.0 0.0
32.8 1.4295297125583577 9.293082780050248 3.3633134423888 1.0 0.0 0.0 0.0
33.0 1.2015790789742833 9.322790000180774 3.274143292595874 1.0 0.0 0.0 0.0
33.2 1.4729361521309887 9.644229600230615 3.2256616217392073 1.0 0.0 0.0 0.0
33.4 1.5517691088349985 9.385995452671207 3.489175637010968 1.0 0.0 0.0 0.0
33.6 1.0667385914375433 9.780689664763475 3.1325945994886766 1.0 0.0 0.0 0.0
33.8 1.5467139542601787 9.623148448194302 3.2850348569235774 1.0 0.0 0.0 0.0
34.0 1.378347265886717 9.862182956405817 3.5478372586348255 1.0 0.0 0.0 0.0
34.2 1.5154999752868354 9.855317313186612 3.355134015424703 1.0 0.0 0.0 0.0
34.4 1.466893718364548 9.403462617479402 3.2025519762841284 1.0 0.0 0.0 0.0
34.6 1.3249088954722317 9.482767652634507 3.5343587731721264 1.0 0.0 0.0 0.0
34.8 1.4614440949080585 9.647825487258181 3.460652078180441 1.0 0.0 0.0 0.0
35.0 1.5701184380187603 9.895039800168078 3.471649252409409 1.0 0.0 0.0 0.0
35.2 1.2624642970512627 9.5393739727436 3.322099892554784 1.0 0.0 0.0 0.0
35.4 1.4580638840352973 9.559226106581287 3.1698368115963023 1.0 0.0 0.0 0.0
35.6 1.6953797341026096 9.782308231010276 3.492906357682013 1.0 0.0 0.0 0.0
35.8 1.7612022649404069 9.869621862921928 3.2877107889371 1.0 0.0 0.0 0.0
36.0 1.3881849697289026 9.99801707437975 3.3160136153299744 1.0 0.0 0.0 0.0
36.2 1.978893979535492 10.056242825781517 3.064615775155628 1.0 0.0 0.0 0.0
36.4 1.5067892896779251 9.986478991074176 3.473085088902196 1.0 0.0 0.0 0.0
36.6 2.055471229157585 10.058238367139891 3.26606384192727 1.0 0.0 0.0 0.0
36.8 1.7880421555820787 9.919656243152671 3.3774651169223104 1.0 0.0 0.0 0.0
37.0 1.5888124054163106 9.707595828336402 3.3861695015282485 1.0 0.0 0.0 0.0
37.2 1.8800286973342732 9.742734443611397 3.2745336869705284 1.0 0.0 0.0 0.0
37.4 1.6349599822304235 9.761894786043458 3.607562350284179 1.0 0.0 0.0 0.0
37.6 1.6935219415347056 9.80825525730862 3.201665799250091 1.0 0.0 0.0 0.0
37.8 1.9835921289766776 9.89297057785971 3.3766257366633123 1.0 0.0 0.0 0.0
38.0 2.085869681954701 9.957786085044935 3.2372404541332416 1.0 0.0 0.0 0.0
38.2 2.030957872741641 9.96068233548146 3.4704209366571033 1.0 0.0 0.0 0.0
38.4 1.9723230194107848 10.143298730781055 3.558574098226529 1.0 0.0 0.0 0.0
38.6 2.028022666331867 9.951873984296148 3.313582194220118 1.0 0.0 0.0 0.0
38.8 2.1701355697319302 9.799921801013646 3.2399769732852937 1.0 0.0 0.0 0.0
39.0 1.9861184079771754 9.885817640636878 3.499930670901401 1.0 0.0 0.0 0.0
39.2 2.20090111018932 9.914743451472269 3.3608133931780295 1.0 0.0 0.0 0.0
39.4 2.0689987278544706 9.87549000400033 3.322877188881861 1.0 0.0 0.0 0.0
39.6 2.1842765914949123 10.041887370404455 3.6657063779788763 1.0 0.0 0.0 0.0
39.8 2.3455166608005933 9.997078052299447 3.391310012101752 1.0 0.0 0.0 0.0
40.0 2.4583881337919027 10.003673153583394 3.6802814847280465 1.0 0.0 0.0 0.0
40.2 2.480414365917102 9.917039196083936 3.618214417564258 1.0 0.0 0.0 0.0
40.4 2.2104338553630702 10.063031518528845 3.81553840415548 1.0 0.0 0.0 0.0
40.6 2.222195786163702 9.794256698803762 3.71997833875093 1.0 0.0 0.0 0.0
40.8 2.2508624718253394 10.243439417855669 3.740331088443776 1.0 0.0 0.0 0.0
41.0 2.530992647048917 9.953843067162175 4.089783886927764 1.0 0.0 0.0 0.0
41.2 2.3730496307603426 9.818542917218844 4.12400103365678 1.0 0.0 0.0 0.0
41.4 2.493515953152249 10.13762980581949 4.28565539955651 1.0 0.0 0.0 0.0
41.6 2.5711691935752476 9.9633596925593 4.169109578663946 1.0 0.0 0.0 0.0
41.8 2.4611002366678845 10.029039531634233 4.459132000109758 1.0 0.0 0.0 0.0
42.0 2.5254358997831696 10.153171710863036 4.679980281014632 1.0 0.0 0.0 0.0
42.2 2.387118563745292 10.124799197189247 4.76547845466507 1.0 0.0 0.0 0.0
42.4 2.603739085655175 10.225901263527842 4.500236403048632 1.0 0.0 0.0 0.0
42.6 2.846316531124783 9.974080414065941 4.644059895321163 1.0 0.0 0.0 0.0
42.8 2.727117451914285 10.017341490947711 4.975498009620387 1.0 0.0 0.0 0.0
43.0 2.653805259451155 9.886720114643751 4.953319359187053 1.0 0.0 0.0 0.0
43.2 2.589376754189444 10.096774212517461 4.785290762848266 1.0 0.0 0.0 0.0
43.4 2.5261920854563504 9.94474532054063 5.003019123650601 1.0 0.0 0.0 0.0
43.6 2.6234764589620445 9.910880911469269 4.8485920424421645 1.0 0.0 0.0 0.0
43.8 3.1025363403397925 10.007660001585823 5.063305887198931 1.0 0.0 0.0 0.0
44.0 2.9140522329376526 9.825775982758856 4.9222794786761135 1.0 0.0 0.0 0.0
44.2 2.7214524360876653 10.12988257216932 5.07931797078273 1.0 0.0 0.0 0.0
44.4 2.8538366824751114 10.13911908373279 4.907963495805413 1.0 0.0 0.0 0.0
44.6 2.860227033126744 9.79261488153022 5.3211302752285965 1.0 0.0 0.0 0.0
44.8 3.1187007792336563 9.976963992513546 5.264032506607572 1.0 0.0 0.0 0.0
45.0 3.2421750420233897 9.889108901872058 5.359639084937886 1.0 0.0 0.0 0.0
45.2 3.123531973189335 9.922938934831299 5.291917563388863 1.0 0.0 0.0 0.0
45.4 2.8565106474218216 10.027319578427377 5.132268810310258 1.0 0.0 0.0 0.0
45.6 3.200280578319602 9.9481108192337 5.558960487603831 1.0 0.0 0.0 0.0
45.8 3.385659901914156 9.981622979710133 5.4014553237690395 1.0 0.0 0.0 0.0
46.0 3.013025242087846 9.869296946987257 5.430534516711446 1.0 0.0 0.0 0.0
46.2 3.1232773998070282 9.988778877692907 5.5248335911330475 1.0 0.0 0.0 0.0
46.4 3.1104528369784 10.063626937766227 5.260619788553156 1.0 0.0 0.0 0.0
46.6 3.3553376244348048 9.889052383889556 5.567165256829635 1.0 0.0 0.0 0.0
46.8 3.4736877184931214 10.092451984294229 5.4800455753861606 1.0 0.0 0.0 0.0
47.0 3.4399293253806094 9.711758647122666 5.35218397091977 1.0 0.0 0.0 0.0
47.2 3.5990416735283017 10.129100027544254 5.221165234836024 1.0 0.0 0.0 0.0
47.4 3.44960997923046 9.655409957421872 5.1702345748840965 1.0 0.0 0.0 0.0
47.6 3.9011816433376287 9.89030129565959 5.1618188132256435 1.0 0.0 0.0 0.0
47.8 3.597378106464048 9.675477910863178 5.371732183802158 1.0 0.0 0.0 0.0
48.0 3.926659703676342 9.746423191852985 5.130641995087394 1.0 0.0 0.0 0.0
48.2 3.5714859665441447 9.826977976778522 5.272157100798421 1.0 0.0 0.0 0.0
48.4 3.9084163175425957 9.84295056514951 5.276405689850013 1.0 0.0 0.0 0.0
48.6 3.574496749034235 9.822854996332216 5.198948158669133 1.0 0.0 0.0 0.0
48.8 3.872188131282848 9.595068429239738 4.930231555953914 1.0 0.0 0.0 0.0
49.0 3.7501677011001817 9.820628526529452 5.0297808456401 1.0 0.0 0.0 0.0
49.2 3.770767931940597 9.775228358930814 5.0981212101146225 1.0 0.0 0.0 0.0
49.4 3.822046287854758 9.410383782350884 4.960391370630687 1.0 0.0 0.0 0.0
49.6 3.650475108088398 9.805162926257758 4.978169730369569 1.0 0.0 0.0 0.0
49.8 3.9230692374607505 9.496114807373317 5.1258363855471805 1.0 0.0 0.0 0.0
50.0 3.9012996760133065 9.426319536616948 5.1284939768825994 1.0 0.0 0.0 0.0
50.2 3.5685895529970972 9.6326829012089 5.073867827814843 1.0 0.0 0.0 0.0
50.4 3.6532277820649592 9.611774274904118 4.823647183627513 1.0 0.0 0.0 0.0
50.6 3.823587689639999 9.484655621719707 4.805065599291872 1.0 0.0 0.0 0.0
50.8 3.9417895607041693 9.453334992224537 4.808654228786055 1.0 0.0 0.0 0.0
51.0 3.986039562405699 9.505755151337414 4.886211876479518 1.0 0.0 0.0 0.0
51.2 3.7966777965889227 9.168256714672816 4.853194892292643 1.0 0.0 0.0 0.0
51.4 3.620821169827635 9.22106469531614 4.580069744948531 1.0 0.0 0.0 0.0
51.6 3.477746848437487 9.208859892708418 4.601218213162159 1.0 0.0 0.0 0.0
51.8 3.5880259772465015 9.529086839804481 4.277511795277278 1.0 0.0 0.0 0.0
52.0 3.444807492234387 9.369205037834195 4.435354834602501 1.0 0.0 0.0 0.0
52.2 3.4053131036395157 9.317594568304465 4.542390934698437 1.0 0.0 0.0 0.0
52.4 3.6567708010931024 9.278702899762013 4.410912765243921 1.0 0.0 0.0 0.0
52.6 3.8096034665608816 9.02787558311075 4.018726605449623 1.0 0.0 0.0 0.0
52.8 3.1422553547266885 9.214365451988995 4.291099065525954 1.0 0.0 0.0 0.0
53.0 3.1694340437541744 9.120307187372488 4.201702385521199 1.0 0.0 0.0 0.0
53.2 3.23447375240144 9.058273792849809 4.152670639654488 1.0 0.0 0.0 0.0
53.4 3.0867692214120663 8.711946208806271 3.94216767164563 1.0 0.0 0.0 0.0
53.6 3.072858943695656 8.809663684173465 4.116113685987251 1.0 0.0 0.0 0.0
53.8 2.6864741635482936 8.764414678056832 3.8389488043161046 1.0 0.0 0.0 0.0
54.0 2.5692345867237405 8.461866406397538 3.8643422730254926 1.0 0.0 0.0 0.0
54.2 2.7221476764092416 8.322784387215785 3.846269166692502 1.0 0.0 0.0 0.0
54.4 2.4275355217622026 8.359198675753921 3.8836921503908908 1.0 0.0 0.0 0.0
54.6 2.2641763058361275 8.379993634180009 3.941351427001523 1.0 0.0 0.0 0.0
54.8 2.0499136462272647 8.28060436418089 4.050457433894345 1.0 0.0 0.0 0.0
55.0 1.8720842996337086 8.509024216321023 3.92235379185324 1.0 0.0 0.0 0.0
55.2 1.819409806837526 8.272306710352996 3.6577205174562293 1.0 0.0 0.0 0.0
55.4 2.2360187635633904 8.470357665655552 4.0481173658481175 1.0 0.0 0.0 0.0
55.6 1.8351806436575022 8.00931262943669 3.8489585823842125 1.0 0.0 0.0 0.0
55.8 2.1236987821619113 8.088153453453518 3.819479287510463 1.0 0.0 0.0 0.0
56.0 1.9619076373413415 7.9275605372326226 3.5818661902244187 1.0 0.0 0.0 0.0
56.2 1.759695225797969 7.9151024129532885 3.8003493655728304 1.0 0.0 0.0 0.0
56.4 1.7959098021724227 8.135519729367504 3.65863505997533 1.0 0.0 0.0 0.0
56.6 1.5910091171146477 7.806994873444966 3.6232698150404485 1.0 0.0 0.0 0.0
56.8 1.5302666349341567 7.751719172258037 3.582417563346359 1.0 0.0 0.0 0.0
57.0 1.5467531056503783 7.6056852787777744 3.5382367339525573 1.0 0.0 0.0 0.0
57.2 1.2732353630019366 7.794107746418826 3.9509060382222865 1.0 0.0 0.0 0.0
57.4 1.375117648460865 7.876582964960388 3.7649676756275934 1.0 0.0 0.0 0.0
57.6 1.5905690697067436 7.841143768584297 3.786375176760009 1.0 0.0 0.0 0.0
57.8 1.4483554125320546 7.416337437900236 3.7063306857651734 1.0 0.0 0.0 0.0
58.0 1.1713237321560062 7.482537053466389 3.905842529624792 1.0 0.0 0.0 0.0
58.2 1.2089135643822124 7.438032717963283 3.480458424731728 1.0 0.0 0.0 0.0
58.4 1.2394067006181855 7.618445129038736 3.7684401921708996 1.0 0.0 0.0 0.0
58.6 0.7770835162522807 7.181046204843951 3.9281108474850948 1.0 0.0 0.0 0.0
58.8 1.1677001723054472 7.093054020830163 3.930162199529418 1.0 0.0 0.0 0.0
59.0 1.0051681429254642 7.169293386910118 3.5553263569540814 1.0 0.0 0.0 0.0
59.2 1.058859473028243 7.054801684088251 3.6621517615252794 1.0 0.0 0.0 0.0
59.4 0.8195016266333115 7.0161035742780875 3.817695356964217 1.0 0.0 0.0 0.0
59.6 0.8345161205998337 7.199080655412083 3.5858162881564835 1.0 0.0 0.0 0.0
59.8 0.5765392406582255 7.024410940076461 3.8682598720053774 1.0 0.0 0.0 0.0
60.0 0.8191587720239701 6.999223422678803 3.7369370219738687 1.0 0.0 0.0 0.0
60.2 0.5781578647661855 7.126649947179553 3.9734608256139126 1.0 0.0 0.0 0.0
60.4 0.5692019216378321 6.938724446040662 3.6198649500927633 1.0 0.0 0.0 0.0
60.6 0.7535228147250717 6.997568271226284 3.7340572116014843 1.0 0.0 0.0 0.0
60.8 0.33026978377913796 6.819999933102475 3.728607250012731 1.0 0.0 0.0 0.0
61.0 0.2326598560696404 6.974983041210429 3.697273643870463 1.0 0.0 0.0 0.0
61.2 0.28412792982992363 6.816454675704279 3.9957652595467597 1.0 0.0 0.0 0.0
61.4 0.41079272001904366 6.645853684899293 3.8509238382162767 1.0 0.0 0.0 0.0
61.6 0.13348389671149374 6.655648241315423 3.809971241266327 1.0 0.0 0.0 0.0
61.8 0.24403643676059666 6.3553865786268355 3.999229224719759 1.0 0.0 0.0 0.0
62.0 0.3114161301692655 6.6841821517146895 3.609611651143668 1.0 0.0 0.0 0.0
62.2 0.01767422124560436 6.645430725607326 3.891946679480812 1.0 0.0 0.0 0.0
62.4 0.2932209117707887 6.3745416871590015 3.6754011309079258 1.0 0.0 0.0 0.0
62.6 0.09915921879562695 6.322624472465239 3.8467852990354148 1.0 0.0 0.0 0.0
62.8 -0.02328881878613881 6.251150353586129 3.727400418517201 1.0 0.0 0.0 0.0
63.0 0.264287003474293 6.064781685795772 3.603785060211801 1.0 0.0 0.0 0.0
63.2 -0.200856469582274 6.080263047978174 3.913306610232125 1.0 0.0 0.0 0.0
63.4 -0.1552399393167247 6.1379633261875775 3.523029944160249 1.0 0.0 0.0 0.0
63.6 -0.3266141465265421 6.035940152117292 3.6762646702584036 1.0 0.0 0.0 0.0
63.8 0.07411189786618527 5.911103738517934 3.445326223362345 1.0 0.0 0.0 0.0
64.0 -0.09069427140902564 5.944143816113625 3.7343266266549495 1.0 0.0 0.0 0.0
64.2 -0.19199575524110635 6.085878880556336 3.479365807503672 1.0 0.0 0.0 0.0
64.4 -0.0891767387741268 5.796487900416564 3.774040262830434 1.0 0.0 0.0 0.0
64.6 -0.2814619869420881 5.674638456171164 3.4964064894047775 1.0 0.0 0.0 0.0
64.8 -0.3430546585285132 5.867891993422648 3.42603305045187 1.0 0.0 0.0 0.0
65.0 -0.18836230262558534 5.588529194947597 3.6040696612239658 1.0 0.0 0.0 0.0
65.2 -0.4870167327934931 5.5517488737616505 3.67169745130836 1.0 0.0 0.0 0.0
65.4 -0.13652343400216438 5.442706820786859 3.363337412477944 1.0 0.0 0.0 0.0
65.6 -0.31744550508566743 5.457357885523976 3.3745045313011754 1.0 0.0 0.0 0.0
65.8 -0.3942768957423941 5.339428033520884 3.5033814575772118 1.0 0.0 0.0 0.0
66.0 -0.583644456491913 5.174690393541855 3.6201538192155502 1.0 0.0 0.0 0.0
66.2 -0.14063223757228543 5.320916373091402 3.305841536544529 1.0 0.0 0.0 0.0
66.4 -0.43424916140599973 5.116784474417998 3.472009827542899 1.0 0.0 0.0 0.0
66.6 -0.37466369105550734 4.9753984108999845 3.559799683724 1.0 0.0 0.0 0.0
66.8 -0.18659575079051405 5.02736992428469 3.100617353898399 1.0 0.0 0.0 0.0
67.0 -0.04873744421176024 4.700439034241945 2.8203811415314135 1.0 0.0 0.0 0.0
67.2 -0.40408326549860624 4.797418865659133 2.808944415452239 1.0 0.0 0.0 0.0
67.4 -0.15386161984318814 4.830324225602445 2.9460605601210887 1.0 0.0 0.0 0.0
67.6 -0.32984679408376744 4.70796175015039 2.773057003209749 1.0 0.0 0.0 0.0
67.8 -0.19849947096209153 4.541189143318028 2.945811625442323 1.0 0.0 0.0 0.0
68.0 0.030501269386441654 4.41586586349666 2.7379621682774147 1.0 0.0 0.0 0.0
68.2 0.1545150597297582 4.52982748463235 2.8025471693853623 1.0 0.0 0.0 0.0
68.4 0.12335811064080654 4.471679149947769 2.785886658126776 1.0 0.0 0.0 0.0
68.6 0.19788519495230916 4.370342957295029 2.633030530794961 1.0 0.0 0.0 0.0
68.8 0.20198643237589586 4.357105136118244 2.949680182045901 1.0 0.0 0.0 0.0
69.0 0.10036375737814235 4.388788709287457 2.884117463011735 1.0 0.0 0.0 0.0
69.2 0.2684809734897473 4.231547240542789 2.793331079979751 1.0 0.0 0.0 0.0
69.4 0.2754791047270361 4.085854456134824 2.8486408471115117 1.0 0.0 0.0 0.0
69.6 0.4444044475274609 4.022282701857633 2.615749498836467 1.0 0.0 0.0 0.0
69.8 0.39627520377177294 4.245700002237788 2.6413656349479298 1.0 0.0 0.0 0.0
70.0 0.6256593986701314 4.14730088960055 2.885748921645696 1.0 0.0 0.0 0.0
70.2 0.6507877697891251 4.1449139899526095 3.0046325588575344 1.0 0.0 0.0 0.0
70.4 0.5047413307719013 4.167945707457403 2.6096341378913936 1.0 0.0 0.0 0.0
70.6 0.6521503177614352 4.066206311972824 2.9814073895863955 1.0 0.0 0.0 0.0
70.8 0.5563353769371197 3.887815657086948 2.8076801297531917 1.0 0.0 0.0 0.0
71.0 0.6443761930187863 3.9026493435119542 2.5928810792174746 1.0 0.0 0.0 0.0
71.2 0.9201328252186365 3.8580924205375657 2.8842228724302843 1.0 0.0 0.0 0.0
71.4 1.023230597286029 3.7926177135461616 2.6470774588535133 1.0 0.0 0.0 0.0
71.6 0.9741461763159225 3.6525499478411003 2.7252214279702742 1.0 0.0 0.0 0.0
71.8 1.2396628206042957 3.6156645073803095 2.5980250123814623 1.0 0.0 0.0 0.0
72.0 1.010254992765445 3.1518146149450113 2.498362711921283 1.0 0.0 0.0 0.0
72.2 1.1385021298626934 3.0291723743248813 2.6829689729573207 1.0 0.0 0.0 0.0
72.4 1.3937279543443288 2.921193264271723 2.7376397836311392 1.0 0.0 0.0 0.0
72.6 1.2531905156652599 2.9817663718067013 2.566882759707467 1.0 0.0 0.0 0.0
72.8 1.5517122062335118 2.771111399794601 2.839253218339519 1.0 0.0 0.0 0.0
73.0 1.583727538820359 2.799299253796773 2.351750109476575 1.0 0.0 0.0 0.0
73.2 1.5537681030187838 2.6712962755407506 2.4420226340715647 1.0 0.0 0.0 0.0
73.4 1.4625820265339613 2.858427418867771 2.5654683411203663 1.0 0.0 0.0 0.0
73.6 1.8343735781017485 2.9627144803819405 2.3068913806193905 1.0 0.0 0.0 0.0
73.8 1.9082544957309078 2.5317211282931136 2.2664010570867417 1.0 0.0 0.0 0.0
74.0 1.7203132323224737 2.792476766547653 2.3467014068392205 1.0 0.0 0.0 0.0
74.2 1.9255098775261645 2.535299565824831 2.616567707626578 1.0 0.0 0.0 0.0
74.4 1.9028363426138926 2.4276016410682733 2.235195242619299 1.0 0.0 0.0 0.0
74.6 1.9447844420444 2.378185226517475 2.553503081347638 1.0 0.0 0.0 0.0
74.8 2.1503560243059425 2.212943103285947 2.5349641896599313 1.0 0.0 0.0 0.0
75.0 2.1148200993097794 2.3904176480807955 2.1754839286853116 1.0 0.0 0.0 0.0
75.2 2.0634601505875945 2.2885085418046236 2.3114526822822343 1.0 0.0 0.0 0.0
75.4 2.5013642416559922 2.0972814069909305 2.055885699680803 1.0 0.0 0.0 0.0
75.6 2.176296565188313 2.248425271579441 2.233461330369062 1.0 0.0 0.0 0.0
75.8 2.380719624386673 2.0635712831812416 2.3498421968407026 1.0 0.0 0.0 0.0
76.0 2.2873041798734333 1.8439730710432491 2.383936541417492 1.0 0.0 0.0 0.0
76.2 2.7281755071068585 1.9819982153678657 2.112798312411977 1.0 0.0 0.0 0.0
76.4 2.728158765984851 2.050585229058 2.0126795864946403 1.0 0.0 0.0 0.0
76.6 2.7252350727655017 2.120956959696529 2.204971935048109 1.0 0.0 0.0 0.0
76.8 2.876989867696516 1.801492422082967 1.8527531474923613 1.0 0.0 0.0 0.0
77.0 2.719944357610243 1.8820213578142395 1.9442482587826033 1.0 0.0 0.0 0.0
77.2 2.882138050995358 1.6835391227133112 1.8541035031623165 1.0 0.0 0.0 0.0
77.4 2.7975064128757445 1.822823480790131 1.9114257637650716 1.0 0.0 0.0 0.0
77.6 3.333791845728451 1.8023543824045536 1.993904723309349 1.0 0.0 0.0 0.0
77.8 3.55494558166014 1.5289513509982662 2.092834275314931 1.0 0.0 0.0 0.0
78.0 3.241538641008049 1.4972615559892533 1.9104600294938079 1.0 0.0 0.0 0.0
78.2 3.562894042032162 1.2233443567061446 1.7820092948635242 1.0 0.0 0.0 0.0
78.4 3.5840327228212403 1.5821944773197656 1.7527562407830781 1.0 0.0 0.0 0.0
78.6 3.5425151495794744 1.2463078050810767 1.6154544697271356 1.0 0.0 0.0 0.0
78.8 3.5417068213080123 1.3507807119529653 1.6593655284364706 1.0 0.0 0.0 0.0
79.0 3.9668737495460107 1.3640512266310771 1.6409663770169887 1.0 0.0 0.0 0.0
79.2 3.953946274499943 1.3540938736554524 1.618315166371555 1.0 0.0 0.0 0.0
79.4 3.746846321724033 1.380246049231297 1.6018640261808585 1.0 0.0 0.0 0.0
79.6 3.998512508730853 1.0922203456531796 1.4525542946153842 1.0 0.0 0.0 0.0
79.8 4.238089942394065 0.9864782650837147 1.7051604894711314 1.0 0.0 0.0 0.0
80.0 4.228701270222312 1.141085234218506 1.5279711980113402 1.0 0.0 0.0 0.0
80.2 4.2814211484700575 1.2527363511942147 1.5416407942801662 1.0 0.0 0.0 0.0
80.4 4.217951350133752 1.337379293894659 1.5846294994530536 1.0 0.0 0.0 0.0
80.6 4.49185195432364 1.1074022716762426 1.7045337475999345 1.0 0.0 0.0 0.0
80.8 4.399032808578376 1.1506640737512925 1.3912214194199615 1.0 0.0 0.0 0.0
81.0 4.411743425018166 0.9130199777760688 1.468436868543017 1.0 0.0 0.0 0.0
81.2 4.21526601994678 1.1547381242196975 1.3844879088148057 1.0 0.0 0.0 0.0
81.4 4.667194174198936 0.9660084580066399 1.6341653859456082 1.0 0.0 0.0 0.0
81.6 4.59443729300673 0.8934789749084573 1.614415035262927 1.0 0.0 0.0 0.0
81.8 4.543054514016849 1.185260664241431 1.3188272025458712 1.0 0.0 0.0 0.0
82.0 4.774884076671324 1.0230873775526477 1.5997797295302345 1.0 0.0 0.0 0.0
82.2 4.685366165899351 1.1611158858256543 1.483124519721811 1.0 0.0 0.0 0.0
82.4 5.10842085078849 0.8120369537762131 1.5347098277908837 1.0 0.0 0.0 0.0
82.6 4.882661313250925 0.8222554136959999 1.5047834157674083 1.0 0.0 0.0 0.0
82.8 5.053501753201551 1.124115802508241 1.293229029026718 1.0 0.0 0.0 0.0
83.0 5.223676870215151 0.8453474947685122 1.3143419897127173 1.0 0.0 0.0 0.0
83.2 5.001224342809648 0.9954792348457073 1.4669075279204373 1.0 0.0 0.0 0.0
83.4 4.9367012270629145 0.6038818092106895 1.4576980849302417 1.0 0.0 0.0 0.0
83.6 5.306636373621128 0.8541627432349221 1.4662322364705798 1.0 0.0 0.0 0.0
83.8 5.15305879676317 0.5536834110097458 1.4014030010275311 1.0 0.0 0.0 0.0
84.0 5.2686749854996515 0.5544672034635185 1.6248519458024568 1.0 0.0 0.0 0.0
84.2 5.355573079287953 0.6910612215212707 1.59529299204375 1.0 0.0 0.0 0.0
84.4 5.203011977103822 0.5407446639307913 1.5983944117310123 1.0 0.0 0.0 0.0
84.6 5.25752533474329 0.6335551232337595 1.592629404386986 1.0 0.0 0.0 0.0
84.8 5.235228784324141 0.5178252951555846 1.6917906946980874 1.0 0.0 0.0 0.0
85.0 5.65558857900824 0.7590131260814788 1.5574543951536879 1.0 0.0 0.0 0.0
85.2 5.337555280253938 0.3076661122545088 1.4617316622793861 1.0 0.0 0.0 0.0
85.4 5.273552216909281 0.3421621923580265 1.5328276512320884 1.0 0.0 0.0 0.0
85.6 5.289263374321913 0.3417257267625564 1.606860915568173 1.0 0.0 0.0 0.0
85.8 5.568567203127629 0.6087690313236547 1.4065911161271798 1.0 0.0 0.0 0.0
86.0 5.551983043459486 0.18863267459252914 1.7681765359759454 1.0 0.0 0.0 0.0
86.2 5.460238374184622 0.41997654853568056 1.7421390877071734 1.0 0.0 0.0 0.0
86.4 5.468501392793039 0.24759249282944557 1.6149625485173218 1.0 0.0 0.0 0.0
86.6 5.748841590826852 0.39383995154799334 1.904421196976506 1.0 0.0 0.0 0.0
86.8 5.441886512778482 0.5549345494382926 1.5771963308273524 1.0 0.0 0.0 0.0
87.0 5.75606163754023 0.5308190447605527 2.0283969588765487 1.0 0.0 0.0 0.0
87.2 5.383618049410992 0.5314072194306102 1.7676584930159804 1.0 0.0 0.0 0.0
87.4 5.744703544041025 0.11363722861911191 1.8100853360833558 1.0 0.0 0.0 0.0
87.6 5.319642813899221 0.4838629678148383 2.0776582032397113 1.0 0.0 0.0 0.0
87.8 5.2888192308867765 0.29685864172856946 1.9841356739425975 1.0 0.0 0.0 0.0
88.0 5.241004448846914 0.3904677831092156 2.0865637514856226 1.0 0.0 0.0 0.0
88.2 5.5874259700879065 0.410704704451581 2.3959693637108623 1.0 0.0 0.0 0.0
88.4 5.44138877482374 0.37779683652717244 2.2171463844226644 1.0 0.0 0.0 0.0
88.6 5.453602856896314 0.46864022709329856 2.1212904948489033 1.0 0.0 0.0 0.0
88.8 5.24750001497082 0.5425801856395114 2.297399366912479 1.0 0.0 0.0 0.0
89.0 5.625616271938615 0.16666639152668883 2.5552135802102076 1.0 0.0 0.0 0.0
89.2 5.369252781904918 0.42480161745899214 2.478393633626906 1.0 0.0 0.0 0.0
89.4 5.133303099817871 0.3546466971630565 2.2647040962044387 1.0 0.0 0.0 0.0
89.6 5.333835097561723 0.6403814835601738 2.246679098034868 1.0 0.0 0.0 0.0
89.8 5.462180982380957 0.44127281841516064 2.460789510566704 1.0 0.0 0.0 0.0
90.0 5.11781247223028 0.44782847304349416 2.180996944606383 1.0 0.0 0.0 0.0
90.2 5.460976550861331 0.5973974363827688 2.252149582780295 1.0 0.0 0.0 0.0
90.4 5.087188105435482 0.29256970855180287 2.247948620147885 1.0 0.0 0.0 0.0
90.6 5.4099577340965075 0.5022109940318686 2.5039439533968544 1.0 0.0 0.0 0.0
90.8 5.2421397355212935 0.37815309725589696 2.409469590554771 1.0 0.0 0.0 0.0
91.0 5.036885805881866 0.5403801077474633 2.437477924367388 1.0 0.0 0.0 0.0
91.2 5.396182024527479 0.5375752271147801 2.685269329705317 1.0 0.0 0.0 0.0
91.4 4.921357936698714 0.5227191353441112 2.269225053607908 1.0 0.0 0.0 0.0
91.6 4.889299626279393 0.5447928587792275 2.328469210393171 1.0 0.0 0.0 0.0
91.8 4.961282293565798 0.6302202232550406 2.672708349996338 1.0 0.0 0.0 0.0
92.0 5.025710154620038 0.8012692286877061 2.6891548593943377 1.0 0.0 0.0 0.0
92.2 5.207349626018769 0.732007505338115 2.4903566887663713 1.0 0.0 0.0 0.0
92.4 5.036652911406673 0.6477046953405077 2.260540750552731 1.0 0.0 0.0 0.0
92.6 5.030228515948949 0.9056663326139838 2.468501107337679 1.0 0.0 0.0 0.0
92.8 4.894118516384207 0.6593797987716592 2.4079817720540144 1.0 0.0 0.0 0.0
93.0 5.179741030429204 0.765994812903166 2.586426421906627 1.0 0.0 0.0 0.0
93.2 4.816756640380139 0.7947235883539878 2.289407449515146 1.0 0.0 0.0 0.0
93.4 4.65160864594866 0.8014610169424117 2.667733600620707 1.0 0.0 0.0 0.0
93.6 4.623369290567868 0.8347954546184582 2.468950426346823 1.0 0.0 0.0 0.0
93.8 4.581415056723702 0.6481477621539835 2.658958390212841 1.0 0.0 0.0 0.0
94.0 4.575015347079117 0.8198326508923972 2.7024214003851004 1.0 0.0 0.0 0.0
94.2 4.996336399889064 1.0623714741890082 2.639526540636564 1.0 0.0 0.0 0.0
94.4 4.866308532910226 0.8652072727612217 2.479735618876672 1.0 0.0 0.0 0.0
94.6 4.754399987780539 1.2847947257196166 2.454685363099456 1.0 0.0 0.0 0.0
94.8 4.683312849845393 0.9270596345705866 2.3456659075118207 1.0 0.0 0.0 0.0
95.0 4.3670518656511925 1.319084022482324 2.5013096282040164 1.0 0.0 0.0 0.0
95.2 4.590137040981993 1.093119749889135 2.4228662765658586 1.0 0.0 0.0 0.0
95.4 4.467411366428353 1.1950774235845223 2.483984430173854 1.0 0.0 0.0 0.0
95.6 4.573151444288009 1.0496429705588706 2.5530994975948467 1.0 0.0 0.0 0.0
95.8 4.267349725745416 1.1883055640452336 2.2978523328891405 1.0 0.0 0.0 0.0
96.0 4.41171501054213 1.484255103262132 2.292636852061039 1.0 0.0 0.0 0.0
96.2 4.511959823200133 1.5804053463277798 2.4206683451464044 1.0 0.0 0.0 0.0
96.4 4.391402188735171 1.5295597029710757 2.552365296343054 1.0 0.0 0.0 0.0
96.6 4.295475092132146 1.8515484557434858 2.3977777794311956 1.0 0.0 0.0 0.0
96.8 4.055122341316272 1.8363053185764664 2.457592973097977 1.0 0.0 0.0 0.0
97.0 4.19854699344489 1.8337175456198183 2.519729415138953 1.0 0.0 0.0 0.0
97.2 4.289117790168854 1.6659242965212016 2.440119607770959 1.0 0.0 0.0 0.0
97.4 4.063472705680238 2.1101759266631848 2.387197622630177 1.0 0.0 0.0 0.0
97.6 4.128104329766607 1.920916403630391 2.6817604496835545 1.0 0.0 0.0 0.0
97.8 3.9797679414963048 2.1777166485055566 2.4315180606135174 1.0 0.0 0.0 0.0
98.0 3.9272464434112653 1.8896382462690715 2.6663222567116396 1.0 0.0 0.0 0.0
98.2 4.003978167882156 1.9055533285660222 2.629151555766631 1.0 0.0 0.0 0.0
98.4 4.0451274746219 2.212827137832673 2.38098225146528 1.0 0.0 0.0 0.0
98.6 3.9644820603902824 2.0046704351733613 2.540598598781099 1.0 0.0 0.0 0.0
98.8 3.6858459651487725 2.336482560794582 2.4026371817344394 1.0 0.0 0.0 0.0
99.0 3.9176700797797412 2.1972753461157915 2.5762255841638404 1.0 0.0 0.0 0.0
99.2 3.699556987707188 2.618108060851701 2.4323130397283226 1.0 0.0 0.0 0.0
99.4 3.6291891247281365 2.335329810808563 2.3018231242764373 1.0 0.0 0.0 0.0
99.6 3.4320468587552875 2.4919723390120567 2.250438163538468 1.0 0.0 0.0 0.0
99.8 3.4197197941561015 2.331140684914792 2.36367509672764 1.0 0.0 0.0 0.0
100.0 3.144462621479042 2.601174362638471 2.4760359321849137 1.0 0.0 0.0 0.0
100.2 3.1887696676088506 2.670729103763991 2.326472514016808 1.0 0.0 0.0 0.0
100.4 3.4786487968684208 2.8717345207675704 2.5470592670788683 1.0 0.0 0.0 0.0
100.6 3.269117074605961 3.030615316214211 2.2909880461332324 1.0 0.0 0.0 0.0
100.8 3.0215120130970945 3.106301195326576 2.395292678516606 1.0 0.0 0.0 0.0
101.0 3.2063306257182753 3.172739006511899 2.276757465696439 1.0 0.0 0.0 0.0
101.2 3.2063880531045323 2.9290758439677242 2.2074686052805563 1.0 0.0 0.0 0.0
101.4 2.7699902354257846 2.7129454818675582 2.486440237375078 1.0 0.0 0.0 0.0
101.6 2.7172195508027728 2.713969369447521 2.12807853379827 1.0 0.0 0.0 0.0
101.8 3.01056824621783 2.9865768192803284 2.096725394075664 1.0 0.0 0.0 0.0
102.0 2.8869830986010037 2.9930232588424825 2.0457138922233544 1.0 0.0 0.0 0.0
102.2 2.580508795193171 2.82650152823118 1.9945057863881517 1.0 0.0 0.0 0.0
102.4 2.5623167596842342 2.823601467558099 1.963668291488354 1.0 0.0 0.0 0.0
102.6 2.389231469613736 3.0066540898352874 2.2334316220114143 1.0 0.0 0.0 0.0
102.8 2.31806274295026 2.822687285213591 2.144678087728154 1.0 0.0 0.0 0.0
103.0 2.4784976494055266 2.9254066598502573 2.086669473194944 1.0 0.0 0.0 0.0
103.2 2.4027497696739566 2.817462042514453 2.15936911855434 1.0 0.0 0.0 0.0
103.4 2.396647663254556 2.9258015352000553 2.01725920403009 1.0 0.0 0.0 0.0
103.6 2.4544716983561083 3.1584713199741516 2.187550397147424 1.0 0.0 0.0 0.0
103.8 2.329199916319521 2.869789863393052 1.8638675589826885 1.0 0.0 0.0 0.0
104.0 2.1925390249292454 2.816825249969368 2.081217950968153 1.0 0.0 0.0 0.0
104.2 1.8337198161511328 2.837078996175575 2.1684110825666663 1.0 0.0 0.0 0.0
104.4 2.100295911893208 2.5779926899842596 1.8648223852682477 1.0 0.0 0.0 0.0
104.6 1.9587399373925702 2.706563268450322 2.054743952864826 1.0 0.0 0.0 0.0
104.8 1.695319211018655 2.4338088485300036 1.7257309489289239 1.0 0.0 0.0 0.0
105.0 1.932116031287117 2.5243163100141754 1.6900516735751456 1.0 0.0 0.0 0.0
105.2 1.7655962127775515 2.309210236145415 2.1207785419570566 1.0 0.0 0.0 0.0
105.4 1.5749294012573745 1.912656415217171 1.8991500612990024 1.0 0.0 0.0 0.0
105.6 1.3976842491915085 2.026385657085347 2.0929435527894786 1.0 0.0 0.0 0.0
105.8 1.7000839973548936 2.0685513066324765 1.9720869873323692 1.0 0.0 0.0 0.0
106.0 1.3241960428870436 1.9846348732718893 1.7380081758683408 1.0 0.0 0.0 0.0
106.2 1.3474136791140503 2.0428486558158494 1.75070341441424 1.0 0.0 0.0 0.0
106.4 1.5546471408068017 1.7169316058948043 1.8101636927002112 1.0 0.0 0.0 0.0
106.6 1.5419167048104816 1.65799263909981 1.781904384089898 1.0 0.0 0.0 0.0
106.8 1.2992410649959392 1.448785022845624 1.665600761147043 1.0 0.0 0.0 0.0
107.0 1.032189566978917 1.6125208206656247 1.8752069751336737 1.0 0.0 0.0 0.0
107.2 1.2285353049296783 1.8057918057092524 1.995547820944306 1.0 0.0 0.0 0.0
107.4 1.2669598984784538 1.7193024605205447 1.8983668741948203 1.0 0.0 0.0 0.0
107.6 1.1073377429989444 1.570989623589459 1.6844192008479628 1.0 0.0 0.0 0.0
107.8 1.1320300202374483 1.4594258797113466 1.8732156704522103 1.0 0.0 0.0 0.0
108.0 1.214090478711897 1.352917135847045 1.9119586997016538 1.0 0.0 0.0 0.0
108.2 1.1139197073026916 1.4046347427796295 1.7068640685245724 1.0 0.0 0.0 0.0
108.4 1.2308289861889912 1.4182437732331552 1.8904151550263069 1.0 0.0 0.0 0.0
108.6 1.1992570586446731 1.1698118656271672 1.6585998268894002 1.0 0.0 0.0 0.0
108.8 1.3150662145384877 0.8915511328446839 1.8087361182551698 1.0 0.0 0.0 0.0
109.0 1.2150571704619482 1.0726257540867423 1.693641464158363 1.0 0.0 0.0 0.0
109.2 1.407694414157275 1.103953152621235 2.0028595538692238 1.0 0.0 0.0 0.0
109.4 1.2080021595137467 1.1209151582074168 2.2710245144197136 1.0 0.0 0.0 0.0
109.6 1.0000261204827479 0.7991216510964341 2.1443144347400604 1.0 0.0 0.0 0.0
109.8 1.3976191643712845 0.7667977309060232 2.191497870059075 1.0 0.0 0.0 0.0
110.0 1.2734378687612835 0.9072501144023914 1.9448356504734319 1.0 0.0 0.0 0.0
110.2 1.2353131280276295 0.6864091665536941 2.0300703303155547 1.0 0.0 0.0 0.0
110.4 1.0582022749151734 0.36110596666899 2.259933657719348 1.0 0.0 0.0 0.0
110.6 1.0544095233290451 0.40462549785881397 2.3714258230075718 1.0 0.0 0.0 0.0
110.8 1.3785604206502735 0.549019713468178 2.4367531835352283 1.0 0.0 0.0 0.0
111.0 1.3944335067683329 0.5567415071038097 1.9993067851875432 1.0 0.0 0.0 0.0
111.2 1.2223632336456174 0.21862651086513252 2.0812512399310914 1.0 0.0 0.0 0.0
111.4 1.1182006215578428 0.27525033855414516 2.0276582602805906 1.0 0.0 0.0 0.0
111.6 1.145556571921154 0.37392728187274005 2.3434686785207655 1.0 0.0 0.0 0.0
111.8 1.1963428135981085 0.32675130685257137 2.108321236551432 1.0 0.0 0.0 0.0
112.0 1.1658758909629998 -0.025193333353002445 2.091265473644869 1.0 0.0 0.0 0.0
112.2 1.297487743477812 -0.06874079474869332 2.2974284444052326 1.0 0.0 0.0 0.0
112.4 1.2110267405000765 -0.19766391906687752 2.403375506098369 1.0 0.0 0.0 0.0
112.6 1.5936787059103725 -0.23775961970585413 2.3247189238783155 1.0 0.0 0.0 0.0
112.8 1.6168178569526805 -0.445743874029893 2.349122619903932 1.0 0.0 0.0 0.0
113.0 1.612817767915368 -0.41348372089489865 2.5280028043729366 1.0 0.0 0.0 0.0
113.2 1.3841227821045479 -0.38236655742464604 2.290220854643964 1.0 0.0 0.0 0.0
113.4 1.661211659231561 -0.4453699976139391 2.194656601925838 1.0 0.0 0.0 0.0
113.6 1.5314752507916163 -0.9386156865187814 2.313858380508364 1.0 0.0 0.0 0.0
113.8 1.5594916064410707 -0.6423389963896967 2.1411173418885707 1.0 0.0 0.0 0.0
114.0 1.5406324701605654 -1.1823493533128167 2.3754962070684957 1.0 0.0 0.0 0.0
114.2 1.2628844048228087 -0.8224689822743962 2.520012690868758 1.0 0.0 0.0 0.0
114.4 1.1973249386943827 -1.3025183905440358 2.51446369367279 1.0 0.0 0.0 0.0
114.6 1.3284694125659173 -1.0444102858292963 2.298550790857089 1.0 0.0 0.0 0.0
114.8 1.197394187124017 -1.3168311051859547 2.3344281516381344 1.0 0.0 0.0 0.0
115.0 1.5839996580403484 -1.4110502136445766 2.464227179193431 1.0 0.0 0.0 0.0
115.2 1.3722236172281532 -1.1440998964629525 2.594215148007967 1.0 0.0 0.0 0.0
115.4 1.5509992245082591 -1.257189584953144 2.2187211810247334 1.0 0.0 0.0 0.0
115.6 1.609386579925691 -1.5735022797773908 2.494611099648031 1.0 0.0 0.0 0.0
115.8 1.5886645345021486 -1.5651849432507885 2.319672878298255 1.0 0.0 0.0 0.0
116.0 1.4501336077958713 -1.6736926613497634 2.595485916715851 1.0 0.0 0.0 0.0
116.2 1.425688025020523 -1.3927066800869758 2.57091822805492 1.0 0.0 0.0 0.0
116.4 1.4083799510164723 -1.5317878527304862 2.322390180690993 1.0 0.0 0.0 0.0
116.6 1.3244577592728792 -1.8597006032380046 2.415391715064467 1.0 0.0 0.0 0.0
116.8 1.456383741002644 -2.051995243836253 2.135627652496532 1.0 0.0 0.0 0.0
117.0 1.5604030240412783 -1.6386788763601072 2.1857165570292936 1.0 0.0 0.0 0.0
117.2 1.5965303454921376 -1.6998945915271546 2.7359307104898263 1.0 0.0 0.0 0.0
117.4 1.3489084350363472 -1.848851871406592 2.5879873327084 1.0 0.0 0.0 0.0
117.6 1.8096327227706257 -2.0624317417257543 2.6860079441268123 1.0 0.0 0.0 0.0
117.8 1.4414254998278377 -1.9855196271728324 2.710071076588565 1.0 0.0 0.0 0.0
118.0 1.3787651377967904 -2.2423238569828756 2.826193940949844 1.0 0.0 0.0 0.0
118.2 1.41002631409865 -2.165205690211193 2.8221954704924186 1.0 0.0 0.0 0.0
118.4 1.5991148220789597 -1.9711296281660888 2.7356674956838143 1.0 0.0 0.0 0.0
118.6 1.8926723037399302 -2.1636203599673967 2.9134596476062455 1.0 0.0 0.0 0.0
118.8 1.6780581523394287 -2.249446068211264 2.7986004591796374 1.0 0.0 0.0 0.0
119.0 2.0429127737964587 -2.454007795163 2.9443306328494567 1.0 0.0 0.0 0.0
119.2 1.7572556917419089 -2.5102168930184963 3.1769511844535856 1.0 0.0 0.0 0.0
119.4 1.8785488414383962 -2.3564367696526536 2.8718329912256264 1.0 0.0 0.0 0.0
119.6 1.6315751417604165 -2.2238430747821374 3.161322329845535 1.0 0.0 0.0 0.0
119.8 1.9478794004799656 -2.6002946290990563 2.783059971846717 1.0 0.0 0.0 0.0
120.0 1.8856763288806673 -2.6728305193986155 2.723438685981688 1.0 0.0 0.0 0.0
120.2 2.2361181168411077 -2.6157606443443586 2.7246679367582516 1.0 0.0 0.0 0.0
120.4 2.2320152136299742 -2.297760660519735 3.0934627496970606 1.0 0.0 0.0 0.0
120.6 2.176213439466548 -2.556095618037931 2.846244792953178 1.0 0.0 0.0 0.0
120.8 1.939056665206353 -2.7056102140800258 3.0785509177468136 1.0 0.0 0.0 0.0
121.0 2.0102285745208524 -2.4953813834112855 2.9941821102181927 1.0 0.0 0.0 0.0
121.2 2.16045431250596 -2.7147411461118613 3.0303432806958477 1.0 0.0 0.0 0.0
121.4 2.0551948578352732 -2.7979845638975505 3.0457742702033506 1.0 0.0 0.0 0.0
121.6 2.053746425243509 -2.5768758650309356 2.7831572194764345 1.0 0.0 0.0 0.0
121.8 2.461446720786812 -2.8653064329719498 2.6687678667222743 1.0 0.0 0.0 0.0
122.0 2.488597801668942 -2.7904459253606957 3.027546254550363 1.0 0.0 0.0 0.0
122.2 2.5498728262631314 -2.7659723885910967 2.96293708723595 1.0 0.0 0.0 0.0
122.4 2.3793515493050417 -2.5789550750728876 2.725063618865403 1.0 0.0 0.0 0.0
122.6 2.2051278380536434 -2.4609446105981414 2.699135960818632 1.0 0.0 0.0 0.0
122.8 2.576711520823809 -2.4396446682056805 2.516881994244198 1.0 0.0 0.0 0.0
123.0 2.503381009710281 -2.6937108436776316 2.6362416629147836 1.0 0.0 0.0 0.0
123.2 2.21030158416839 -2.1589306745200796 2.8569129147694787 1.0 0.0 0.0 0.0
123.4 2.5585946645573943 -2.3968043370935446 2.7690318534479528 1.0 0.0 0.0 0.0
123.6 2.49852476007426 -2.077900559636568 2.4740369342262203 1.0 0.0 0.0 0.0
123.8 2.289778085739459 -2.3345511941479424 2.490620157583437 1.0 0.0 0.0 0.0
124.0 2.2841659009048705 -2.324839524342787 2.4110241853631273 1.0 0.0 0.0 0.0
124.2 2.3304210679050303 -2.2100428441236795 2.494272948750286 1.0 0.0 0.0 0.0
124.4 2.581761137850095 -2.1500420150040975 2.51147295565338 1.0 0.0 0.0 0.0
124.6 2.288288029465825 -2.210967302592551 2.7079015992232485 1.0 0.0 0.0 0.0
124.8 2.719941107345183 -1.965642053184661 2.774011376415755 1.0 0.0 0.0 0.0
125.0 2.4064285230433002 -2.037600367104017 2.748165768358877 1.0 0.0 0.0 0.0
125.2 2.5952107542941056 -1.6387414198188819 2.3565944006902324 1.0 0.0 0.0 0.0
125.4 2.559784133576209 -1.6117995583033158 2.7243287565183816 1.0 0.0 0.0 0.0
125.6 2.5843393454802612 -1.4853880482041373 2.749453336892557 1.0 0.0 0.0 0.0
125.8 2.5372545759443894 -1.8388965465860243 2.3967725345161393 1.0 0.0 0.0 0.0
126.0 2.4358247073109043 -1.3935305922217824 2.772361106510063 1.0 0.0 0.0 0.0
126.2 2.4350593478284623 -1.4765051468647512 2.620776150537406 1.0 0.0 0.0 0.0
126.4 2.4396259490089056 -1.701541452841943 2.70993596605431 1.0 0.0 0.0 0.0
126.6 2.28842196141164 -1.361419921948032 2.7806118538251816 1.0 0.0 0.0 0.0
126.8 2.5085752381195143 -1.521316802589006 2.757400071493291 1.0 0.0 0.0 0.0
127.0 2.6210354468407413 -1.3314590617133515 2.6746851498077033 1.0 0.0 0.0 0.0
127.2 2.5097161440066316 -1.4652714470426225 2.4508710702496384 1.0 0.0 0.0 0.0
127.4 2.32678911336317 -1.5406826641351248 2.580996001264163 1.0 0.0 0.0 0.0
127.6 2.446620325899982 -1.6913129068430208 2.6572397126142344 1.0 0.0 0.0 0.0
127.8 2.2864249381558555 -1.8160033083092362 2.403917284902963 1.0 0.0 0.0 0.0
128.0 2.1963555191277213 -1.7533632386998534 2.4287656873123895 1.0 0.0 0.0 0.0
128.2 2.444579302670209 -1.7558463910209732 2.681810042309005 1.0 0.0 0.0 0.0
128.4 2.492590919438173 -2.043107145984664 2.8188414857326523 1.0 0.0 0.0 0.0
128.6 2.294339377929102 -1.9266783266100156 2.420676133969204 1.0 0.0 0.0 0.0
128.8 2.6149541212825493 -1.8925048103364521 2.4369615881696074 1.0 0.0 0.0 0.0
129.0 2.4904853081206872 -2.35246154630219 2.5900988597459316 1.0 0.0 0.0 0.0
129.2 2.451431825226847 -1.8809361041660693 2.762420373160808 1.0 0.0 0.0 0.0
129.4 2.5534528532365224 -2.358161160870576 2.6117767736093382 1.0 0.0 0.0 0.0
129.6 2.560777079910869 -2.3861187673823614 2.691141887747849 1.0 0.0 0.0 0.0
129.8 2.114647587459113 -2.0799063815996868 2.7252640988285775 1.0 0.0 0.0 0.0
130.0 2.150857784944216 -2.259655088657995 2.7412902685518885 1.0 0.0 0.0 0.0
130.2 2.2497728930272034 -2.2812628489935287 2.643482123131556 1.0 0.0 0.0 0.0
130.4 2.3119743388544687 -2.235125306406537 2.345583914589489 1.0 0.0 0.0 0.0
130.6 2.0913930616006127 -2.182447280150165 2.7696089455081347 1.0 0.0 0.0 0.0
130.8 1.9707871109891357 -2.2266234805060034 2.5614746799401793 1.0 0.0 0.0 0.0
131.0 1.9394801856433155 -1.9726109540667562 2.429044839207651 1.0 0.0 0.0 0.0
131.2 2.1629304268670557 -2.098973309207493 2.4269751618272237 1.0 0.0 0.0 0.0
131.4 2.0361797742207535 -2.1055039169900676 2.5499598116744573 1.0 0.0 0.0 0.0
131.6 1.861744752419952 -1.840577587376709 2.6500700453850947 1.0 0.0 0.0 0.0
131.8 1.7935208796426432 -1.6077230476983644 2.493374643368412 1.0 0.0 0.0 0.0
132.0 1.8818762942211675 -2.014910476294094 2.575026383639436 1.0 0.0 0.0 0.0
132.2 2.194823542807316 -1.9330093775893915 2.553589231002665 1.0 0.0 0.0 0.0
132.4 1.7998032537389559 -1.8002339865623282 2.445524637233113 1.0 0.0 0.0 0.0
132.6 1.5883752689143145 -1.6277771751296304 2.372444334104314 1.0 0.0 0.0 0.0
132.8 1.5171135945442438 -1.486581520173809 2.6623667113367957 1.0 0.0 0.0 0.0
133.0 1.2730842405370513 -1.8224471143227885 2.2726652885255128 1.0 0.0 0.0 0.0
