0.0 2.5 3.9375 3.9375 1.0 0.0 0.0 0.0
0.2 2.5208333333333335 3.9270833333333335 3.9305555555555554 1.0 0.0 0.0 0.0
0.4 2.5416666666666665 3.9166666666666665 3.923611111111111 1.0 0.0 0.0 0.0
0.6 2.5625 3.90625 3.9166666666666665 1.0 0.0 0.0 0.0
0.8 2.5833333333333335 3.8958333333333335 3.9097222222222223 1.0 0.0 0.0 0.0
1.0 2.6041666666666665 3.8854166666666665 3.9027777777777777 1.0 0.0 0.0 0.0
1.2 2.625 3.875 3.8958333333333335 1.0 0.0 0.0 0.0
1.4 2.6458333333333335 3.8645833333333335 3.888888888888889 1.0 0.0 0.0 0.0
1.6 2.6666666666666665 3.8541666666666665 3.8819444444444446 1.0 0.0 0.0 0.0
1.8 2.6875 3.84375 3.875 1.0 0.0 0.0 0.0
2.0 2.7083333333333335 3.8333333333333335 3.8680555555555554 1.0 0.0 0.0 0.0
2.2 2.7291666666666665 3.8229166666666665 3.861111111111111 1.0 0.0 0.0 0.0
2.4 2.75 3.8125 3.8541666666666665 1.0 0.0 0.0 0.0
2.6 2.7708333333333335 3.8020833333333335 3.8472222222222223 1.0 0.0 0.0 0.0
2.8 2.7916666666666665 3.7916666666666665 3.8402777777777777 1.0 0.0 0.0 0.0
3.0 2.8125 3.78125 3.8333333333333335 1.0 0.0 0.0 0.0
3.2 2.8333333333333335 3.7708333333333335 3.826388888888889 1.0 0.0 0.0 0.0
3.4 2.8541666666666665 3.7604166666666665 3.8194444444444446 1.0 0.0 0.0 0.0
3.6 2.875 3.75 3.8125 1.0 0.0 0.0 0.0
3.8 2.9166666666666665 3.7777777777777777 3.8125 1.0 0.0 0.0 0.0
4.0 2.9583333333333335 3.8055555555555554 3.8125 1.0 0.0 0.0 0.0
4.2 3.0 3.8333333333333335 3.8125 1.0 0.0 0.0 0.0
4.4 3.0416666666666665 3.861111111111111 3.8125 1.0 0.0 0.0 0.0
4.6 3.0833333333333335 3.888888888888889 3.8125 1.0 0.0 0.0 0.0
4.8 3.125 3.9166666666666665 3.8125 1.0 0.0 0.0 0.0
5.0 3.1666666666666665 3.9444444444444446 3.8125 1.0 0.0 0.0 0.0
5.2 3.2083333333333335 3.9722222222222223 3.8125 1.0 0.0 0.0 0.0
5.4 3.25 4.0 3.8125 1.0 0.0 0.0 0.0
5.6 3.2916666666666665 4.027777777777778 3.8125 1.0 0.0 0.0 0.0
5.8 3.3333333333333335 4.055555555555555 3.8125 1.0 0.0 0.0 0.0
6.0 3.375 4.083333333333333 3.8125 1.0 0.0 0.0 0.0
6.2 3.4166666666666665 4.111111111111111 3.8125 1.0 0.0 0.0 0.0
6.4 3.458333333333333 4.138888888888889 3.8125 1.0 0.0 0.0 0.0
6.6 3.5 4.166666666666667 3.8125 1.0 0.0 0.0 0.0
6.8 3.5416666666666665 4.194444444444445 3.8125 1.0 0.0 0.0 0.0
7.0 3.583333333333333 4.222222222222222 3.8125 1.0 0.0 0.0 0.0
7.2 3.625 4.25 3.8125 1.0 0.0 0.0 0.0
7.4 3.6597222222222223 4.336805555555555 3.8125 1.0 0.0 0.0 0.0
7.6 3.6944444444444446 4.423611111111111 3.8125 1.0 0.0 0.0 0.0
7.8 3.7291666666666665 4.510416666666667 3.8125 1.0 0.0 0.0 0.0
8.0 3.763888888888889 4.597222222222222 3.8125 1.0 0.0 0.0 0.0
8.2 3.798611111111111 4.684027777777778 3.8125 1.0 0.0 0.0 0.0
8.4 3.8333333333333335 4.770833333333333 3.8125 1.0 0.0 0.0 0.0
8.6 3.8680555555555554 4.857638888888889 3.8125 1.0 0.0 0.0 0.0
8.8 3.9027777777777777 4.944444444444445 3.8125 1.0 0.0 0.0 0.0
9.0 3.9375 5.03125 3.8125 1.0 0.0 0.0 0.0
9.2 3.9722222222222223 5.118055555555555 3.8125 1.0 0.0 0.0 0.0
9.4 4.006944444444445 5.204861111111111 3.8125 1.0 0.0 0.0 0.0
9.6 4.041666666666667 5.291666666666666 3.8125 1.0 0.0 0.0 0.0
9.8 4.076388888888889 5.378472222222222 3.8125 1.0 0.0 0.0 0.0
10.0 4.111111111111111 5.465277777777778 3.8125 1.0 0.0 0.0 0.0
10.2 4.145833333333333 5.552083333333333 3.8125 1.0 0.0 0.0 0.0
10.4 4.180555555555555 5.638888888888889 3.8125 1.0 0.0 0.0 0.0
10.6 4.215277777777778 5.725694444444445 3.8125 1.0 0.0 0.0 0.0
10.8 4.25 5.8125 3.8125 1.0 0.0 0.0 0.0
11.0 4.256944444444445 5.850694444444445 3.829861111111111 1.0 0.0 0.0 0.0
11.2 4.263888888888889 5.888888888888889 3.8472222222222223 1.0 0.0 0.0 0.0
11.4 4.270833333333333 5.927083333333333 3.8645833333333335 1.0 0.0 0.0 0.0
11.6 4.277777777777778 5.965277777777778 3.8819444444444446 1.0 0.0 0.0 0.0
11.8 4.284722222222222 6.003472222222222 3.8993055555555554 1.0 0.0 0.0 0.0
12.0 4.291666666666667 6.041666666666667 3.9166666666666665 1.0 0.0 0.0 0.0
12.2 4.298611111111111 6.079861111111111 3.9340277777777777 1.0 0.0 0.0 0.0
12.4 4.305555555555555 6.118055555555555 3.951388888888889 1.0 0.0 0.0 0.0
12.6 4.3125 6.15625 3.96875 1.0 0.0 0.0 0.0
12.8 4.319444444444445 6.194444444444445 3.986111111111111 1.0 0.0 0.0 0.0
13.0 4.326388888888889 6.232638888888889 4.003472222222222 1.0 0.0 0.0 0.0
13.2 4.333333333333333 6.270833333333333 4.020833333333333 1.0 0.0 0.0 0.0
13.4 4.340277777777778 6.309027777777778 4.038194444444445 1.0 0.0 0.0 0.0
13.6 4.347222222222222 6.347222222222222 4.055555555555555 1.0 0.0 0.0 0.0
13.8 4.354166666666667 6.385416666666667 4.072916666666667 1.0 0.0 0.0 0.0
14.0 4.361111111111111 6.423611111111111 4.090277777777778 1.0 0.0 0.0 0.0
14.2 4.368055555555555 6.461805555555555 4.107638888888889 1.0 0.0 0.0 0.0
14.4 4.375 6.5 4.125 1.0 0.0 0.0 0.0
14.6 4.315972222222222 6.527777777777778 4.138888888888889 1.0 0.0 0.0 0.0
14.8 4.256944444444445 6.555555555555555 4.152777777777778 1.0 0.0 0.0 0.0
15.0 4.197916666666667 6.583333333333333 4.166666666666667 1.0 0.0 0.0 0.0
15.2 4.138888888888889 6.611111111111111 4.180555555555555 1.0 0.0 0.0 0.0
15.4 4.079861111111111 6.638888888888889 4.194444444444445 1.0 0.0 0.0 0.0
15.6 4.020833333333333 6.666666666666667 4.208333333333333 1.0 0.0 0.0 0.0
15.8 3.9618055555555554 6.694444444444445 4.222222222222222 1.0 0.0 0.0 0.0
16.0 3.9027777777777777 6.722222222222222 4.236111111111111 1.0 0.0 0.0 0.0
16.2 3.84375 6.75 4.25 1.0 0.0 0.0 0.0
16.4 3.7847222222222223 6.777777777777778 4.263888888888889 1.0 0.0 0.0 0.0
16.6 3.7256944444444446 6.805555555555555 4.277777777777778 1.0 0.0 0.0 0.0
16.8 3.666666666666667 6.833333333333333 4.291666666666667 1.0 0.0 0.0 0.0
17.0 3.607638888888889 6.861111111111111 4.305555555555555 1.0 0.0 0.0 0.0
17.2 3.548611111111111 6.888888888888889 4.319444444444445 1.0 0.0 0.0 0.0
17.4 3.4895833333333335 6.916666666666667 4.333333333333333 1.0 0.0 0.0 0.0
17.6 3.4305555555555554 6.944444444444445 4.347222222222222 1.0 0.0 0.0 0.0
17.8 3.3715277777777777 6.972222222222222 4.361111111111111 1.0 0.0 0.0 0.0
18.0 3.3125 7.0 4.375 1.0 0.0 0.0 0.0
18.2 3.2847222222222223 7.024305555555555 4.378472222222222 1.0 0.0 0.0 0.0
18.4 3.2569444444444446 7.048611111111111 4.381944444444445 1.0 0.0 0.0 0.0
18.6 3.2291666666666665 7.072916666666667 4.385416666666667 1.0 0.0 0.0 0.0
18.8 3.201388888888889 7.097222222222222 4.388888888888889 1.0 0.0 0.0 0.0
19.0 3.173611111111111 7.121527777777778 4.392361111111111 1.0 0.0 0.0 0.0
19.2 3.1458333333333335 7.145833333333333 4.395833333333333 1.0 0.0 0.0 0.0
19.4 3.1180555555555554 7.170138888888889 4.399305555555555 1.0 0.0 0.0 0.0
19.6 3.0902777777777777 7.194444444444445 4.402777777777778 1.0 0.0 0.0 0.0
19.8 3.0625 7.21875 4.40625 1.0 0.0 0.0 0.0
20.0 3.0347222222222223 7.243055555555555 4.409722222222222 1.0 0.0 0.0 0.0
20.2 3.0069444444444446 7.267361111111111 4.413194444444445 1.0 0.0 0.0 0.0
20.4 2.9791666666666665 7.291666666666667 4.416666666666667 1.0 0.0 0.0 0.0
20.6 2.951388888888889 7.315972222222222 4.420138888888889 1.0 0.0 0.0 0.0
20.8 2.923611111111111 7.340277777777778 4.423611111111111 1.0 0.0 0.0 0.0
21.0 2.8958333333333335 7.364583333333333 4.427083333333333 1.0 0.0 0.0 0.0
21.2 2.8680555555555554 7.388888888888889 4.430555555555555 1.0 0.0 0.0 0.0
21.4 2.8402777777777777 7.413194444444445 4.434027777777778 1.0 0.0 0.0 0.0
21.6 2.8125 7.4375 4.4375 1.0 0.0 0.0 0.0
21.8 2.7881944444444446 7.486111111111111 4.427083333333333 1.0 0.0 0.0 0.0
22.0 2.763888888888889 7.534722222222222 4.416666666666667 1.0 0.0 0.0 0.0
22.2 2.7395833333333335 7.583333333333333 4.40625 1.0 0.0 0.0 0.0
22.4 2.7152777777777777 7.631944444444445 4.395833333333333 1.0 0.0 0.0 0.0
22.6 2.6909722222222223 7.680555555555555 4.385416666666667 1.0 0.0 0.0 0.0
22.8 2.6666666666666665 7.729166666666667 4.375 1.0 0.0 0.0 0.0
23.0 2.642361111111111 7.777777777777778 4.364583333333333 1.0 0.0 0.0 0.0
23.2 2.6180555555555554 7.826388888888889 4.354166666666667 1.0 0.0 0.0 0.0
23.4 2.59375 7.875 4.34375 1.0 0.0 0.0 0.0
23.6 2.5694444444444446 7.923611111111111 4.333333333333333 1.0 0.0 0.0 0.0
23.8 2.545138888888889 7.972222222222222 4.322916666666667 1.0 0.0 0.0 0.0
24.0 2.5208333333333335 8.020833333333334 4.3125 1.0 0.0 0.0 0.0
24.2 2.4965277777777777 8.069444444444445 4.302083333333333 1.0 0.0 0.0 0.0
24.4 2.4722222222222223 8.118055555555555 4.291666666666667 1.0 0.0 0.0 0.0
24.6 2.4479166666666665 8.166666666666666 4.28125 1.0 0.0 0.0 0.0
24.8 2.423611111111111 8.215277777777779 4.270833333333333 1.0 0.0 0.0 0.0
25.0 2.3993055555555554 8.26388888888889 4.260416666666667 1.0 0.0 0.0 0.0
25.2 2.375 8.3125 4.25 1.0 0.0 0.0 0.0
25.4 2.3333333333333335 8.354166666666666 4.222222222222222 1.0 0.0 0.0 0.0
25.6 2.2916666666666665 8.395833333333334 4.194444444444445 1.0 0.0 0.0 0.0
25.8 2.25 8.4375 4.166666666666667 1.0 0.0 0.0 0.0
26.0 2.2083333333333335 8.479166666666666 4.138888888888889 1.0 0.0 0.0 0.0
26.2 2.1666666666666665 8.520833333333334 4.111111111111111 1.0 0.0 0.0 0.0
26.4 2.125 8.5625 4.083333333333333 1.0 0.0 0.0 0.0
26.6 2.0833333333333335 8.604166666666666 4.055555555555555 1.0 0.0 0.0 0.0
26.8 2.0416666666666665 8.645833333333334 4.027777777777778 1.0 0.0 0.0 0.0
27.0 2.0 8.6875 4.0 1.0 0.0 0.0 0.0
27.2 1.9583333333333335 8.729166666666666 3.9722222222222223 1.0 0.0 0.0 0.0
27.4 1.9166666666666667 8.770833333333334 3.9444444444444446 1.0 0.0 0.0 0.0
27.6 1.875 8.8125 3.9166666666666665 1.0 0.0 0.0 0.0
27.8 1.8333333333333335 8.854166666666666 3.888888888888889 1.0 0.0 0.0 0.0
28.0 1.7916666666666667 8.895833333333334 3.861111111111111 1.0 0.0 0.0 0.0
28.2 1.75 8.9375 3.8333333333333335 1.0 0.0 0.0 0.0
28.4 1.7083333333333335 8.979166666666666 3.8055555555555554 1.0 0.0 0.0 0.0
28.6 1.6666666666666667 9.020833333333334 3.7777777777777777 1.0 0.0 0.0 0.0
28.8 1.625 9.0625 3.75 1.0 0.0 0.0 0.0
29.0 1.6041666666666667 9.086805555555555 3.732638888888889 1.0 0.0 0.0 0.0
29.2 1.5833333333333333 9.11111111111111 3.7152777777777777 1.0 0.0 0.0 0.0
29.4 1.5625 9.135416666666666 3.6979166666666665 1.0 0.0 0.0 0.0
29.6 1.5416666666666667 9.159722222222221 3.6805555555555554 1.0 0.0 0.0 0.0
29.8 1.5208333333333333 9.184027777777779 3.6631944444444446 1.0 0.0 0.0 0.0
30.0 1.5 9.208333333333334 3.6458333333333335 1.0 0.0 0.0 0.0
30.2 1.4791666666666667 9.23263888888889 3.6284722222222223 1.0 0.0 0.0 0.0
30.4 1.4583333333333333 9.256944444444445 3.611111111111111 1.0 0.0 0.0 0.0
30.6 1.4375 9.28125 3.59375 1.0 0.0 0.0 0.0
30.8 1.4166666666666667 9.305555555555555 3.576388888888889 1.0 0.0 0.0 0.0
31.0 1.3958333333333333 9.32986111111111 3.5590277777777777 1.0 0.0 0.0 0.0
31.2 1.375 9.354166666666666 3.5416666666666665 1.0 0.0 0.0 0.0
31.4 1.3541666666666667 9.378472222222221 3.5243055555555554 1.0 0.0 0.0 0.0
31.6 1.3333333333333335 9.402777777777779 3.5069444444444446 1.0 0.0 0.0 0.0
31.8 1.3125 9.427083333333334 3.4895833333333335 1.0 0.0 0.0 0.0
32.0 1.2916666666666667 9.45138888888889 3.4722222222222223 1.0 0.0 0.0 0.0
32.2 1.2708333333333335 9.475694444444445 3.454861111111111 1.0 0.0 0.0 0.0
32.4 1.25 9.5 3.4375 1.0 0.0 0.0 0.0
32.6 1.2708333333333333 9.51736111111111 3.4305555555555554 1.0 0.0 0.0 0.0
32.8 1.2916666666666667 9.534722222222221 3.423611111111111 1.0 0.0 0.0 0.0
33.0 1.3125 9.552083333333334 3.4166666666666665 1.0 0.0 0.0 0.0
33.2 1.3333333333333333 9.569444444444445 3.4097222222222223 1.0 0.0 0.0 0.0
33.4 1.3541666666666667 9.586805555555555 3.4027777777777777 1.0 0.0 0.0 0.0
33.6 1.375 9.604166666666666 3.3958333333333335 1.0 0.0 0.0 0.0
33.8 1.3958333333333333 9.621527777777779 3.388888888888889 1.0 0.0 0.0 0.0
34.0 1.4166666666666667 9.63888888888889 3.3819444444444446 1.0 0.0 0.0 0.0
34.2 1.4375 9.65625 3.375 1.0 0.0 0.0 0.0
34.4 1.4583333333333333 9.67361111111111 3.3680555555555554 1.0 0.0 0.0 0.0
34.6 1.4791666666666667 9.690972222222221 3.361111111111111 1.0 0.0 0.0 0.0
34.8 1.5 9.708333333333334 3.3541666666666665 1.0 0.0 0.0 0.0
35.0 1.5208333333333333 9.725694444444445 3.3472222222222223 1.0 0.0 0.0 0.0
35.2 1.5416666666666665 9.743055555555555 3.3402777777777777 1.0 0.0 0.0 0.0
35.4 1.5625 9.760416666666666 3.3333333333333335 1.0 0.0 0.0 0.0
35.6 1.5833333333333333 9.777777777777779 3.326388888888889 1.0 0.0 0.0 0.0
35.8 1.6041666666666665 9.79513888888889 3.3194444444444446 1.0 0.0 0.0 0.0
36.0 1.625 9.8125 3.3125 1.0 0.0 0.0 0.0
36.2 1.6527777777777777 9.822916666666666 3.326388888888889 1.0 0.0 0.0 0.0
36.4 1.6805555555555556 9.833333333333334 3.3402777777777777 1.0 0.0 0.0 0.0
36.6 1.7083333333333333 9.84375 3.3541666666666665 1.0 0.0 0.0 0.0
36.8 1.7361111111111112 9.854166666666666 3.3680555555555554 1.0 0.0 0.0 0.0
37.0 1.7638888888888888 9.864583333333334 3.3819444444444446 1.0 0.0 0.0 0.0
37.2 1.7916666666666667 9.875 3.3958333333333335 1.0 0.0 0.0 0.0
37.4 1.8194444444444444 9.885416666666666 3.4097222222222223 1.0 0.0 0.0 0.0
37.6 1.8472222222222223 9.895833333333334 3.423611111111111 1.0 0.0 0.0 0.0
37.8 1.875 9.90625 3.4375 1.0 0.0 0.0 0.0
38.0 1.9027777777777777 9.916666666666666 3.451388888888889 1.0 0.0 0.0 0.0
38.2 1.9305555555555556 9.927083333333334 3.4652777777777777 1.0 0.0 0.0 0.0
38.4 1.9583333333333333 9.9375 3.4791666666666665 1.0 0.0 0.0 0.0
38.6 1.9861111111111112 9.947916666666666 3.4930555555555554 1.0 0.0 0.0 0.0
38.8 2.013888888888889 9.958333333333334 3.5069444444444446 1.0 0.0 0.0 0.0
39.0 2.0416666666666665 9.96875 3.5208333333333335 1.0 0.0 0.0 0.0
39.2 2.0694444444444446 9.979166666666666 3.5347222222222223 1.0 0.0 0.0 0.0
39.4 2.0972222222222223 9.989583333333334 3.548611111111111 1.0 0.0 0.0 0.0
39.6 2.125 10.0 3.5625 1.0 0.0 0.0 0.0
39.8 2.1597222222222223 10.003472222222221 3.6354166666666665 1.0 0.0 0.0 0.0
40.0 2.1944444444444446 10.006944444444445 3.7083333333333335 1.0 0.0 0.0 0.0
40.2 2.2291666666666665 10.010416666666666 3.78125 1.0 0.0 0.0 0.0
40.4 2.263888888888889 10.01388888888889 3.8541666666666665 1.0 0.0 0.0 0.0
40.6 2.298611111111111 10.01736111111111 3.9270833333333335 1.0 0.0 0.0 0.0
40.8 2.3333333333333335 10.020833333333334 4.0 1.0 0.0 0.0 0.0
41.0 2.3680555555555554 10.024305555555555 4.072916666666667 1.0 0.0 0.0 0.0
41.2 2.4027777777777777 10.027777777777779 4.145833333333333 1.0 0.0 0.0 0.0
41.4 2.4375 10.03125 4.21875 1.0 0.0 0.0 0.0
41.6 2.4722222222222223 10.034722222222221 4.291666666666667 1.0 0.0 0.0 0.0
41.8 2.5069444444444446 10.038194444444445 4.364583333333333 1.0 0.0 0.0 0.0
42.0 2.5416666666666665 10.041666666666666 4.4375 1.0 0.0 0.0 0.0
42.2 2.576388888888889 10.04513888888889 4.510416666666667 1.0 0.0 0.0 0.0
42.4 2.611111111111111 10.04861111111111 4.583333333333334 1.0 0.0 0.0 0.0
42.6 2.6458333333333335 10.052083333333334 4.65625 1.0 0.0 0.0 0.0
42.8 2.6805555555555554 10.055555555555555 4.729166666666667 1.0 0.0 0.0 0.0
43.0 2.7152777777777777 10.059027777777779 4.802083333333334 1.0 0.0 0.0 0.0
43.2 2.75 10.0625 4.875 1.0 0.0 0.0 0.0
43.4 2.7847222222222223 10.055555555555555 4.902777777777778 1.0 0.0 0.0 0.0
43.6 2.8194444444444446 10.04861111111111 4.930555555555555 1.0 0.0 0.0 0.0
43.8 2.8541666666666665 10.041666666666666 4.958333333333333 1.0 0.0 0.0 0.0
44.0 2.888888888888889 10.034722222222221 4.986111111111111 1.0 0.0 0.0 0.0
44.2 2.923611111111111 10.027777777777779 5.013888888888889 1.0 0.0 0.0 0.0
44.4 2.9583333333333335 10.020833333333334 5.041666666666667 1.0 0.0 0.0 0.0
44.6 2.9930555555555554 10.01388888888889 5.069444444444445 1.0 0.0 0.0 0.0
44.8 3.0277777777777777 10.006944444444445 5.097222222222222 1.0 0.0 0.0 0.0
45.0 3.0625 10.0 5.125 1.0 0.0 0.0 0.0
45.2 3.0972222222222223 9.993055555555555 5.152777777777778 1.0 0.0 0.0 0.0
45.4 3.1319444444444446 9.98611111111111 5.180555555555555 1.0 0.0 0.0 0.0
45.6 3.1666666666666665 9.979166666666666 5.208333333333333 1.0 0.0 0.0 0.0
45.8 3.201388888888889 9.972222222222221 5.236111111111111 1.0 0.0 0.0 0.0
46.0 3.236111111111111 9.965277777777779 5.263888888888889 1.0 0.0 0.0 0.0
46.2 3.2708333333333335 9.958333333333334 5.291666666666667 1.0 0.0 0.0 0.0
46.4 3.3055555555555554 9.95138888888889 5.319444444444445 1.0 0.0 0.0 0.0
46.6 3.3402777777777777 9.944444444444445 5.347222222222222 1.0 0.0 0.0 0.0
46.8 3.375 9.9375 5.375 1.0 0.0 0.0 0.0
47.0 3.3993055555555554 9.913194444444445 5.347222222222222 1.0 0.0 0.0 0.0
47.2 3.423611111111111 9.88888888888889 5.319444444444445 1.0 0.0 0.0 0.0
47.4 3.4479166666666665 9.864583333333334 5.291666666666667 1.0 0.0 0.0 0.0
47.6 3.4722222222222223 9.840277777777779 5.263888888888889 1.0 0.0 0.0 0.0
47.8 3.4965277777777777 9.815972222222221 5.236111111111111 1.0 0.0 0.0 0.0
48.0 3.5208333333333335 9.791666666666666 5.208333333333333 1.0 0.0 0.0 0.0
48.2 3.545138888888889 9.76736111111111 5.180555555555555 1.0 0.0 0.0 0.0
48.4 3.5694444444444446 9.743055555555555 5.152777777777778 1.0 0.0 0.0 0.0
48.6 3.59375 9.71875 5.125 1.0 0.0 0.0 0.0
48.8 3.6180555555555554 9.694444444444445 5.097222222222222 1.0 0.0 0.0 0.0
49.0 3.642361111111111 9.67013888888889 5.069444444444445 1.0 0.0 0.0 0.0
49.2 3.6666666666666665 9.645833333333334 5.041666666666667 1.0 0.0 0.0 0.0
49.4 3.6909722222222223 9.621527777777779 5.013888888888889 1.0 0.0 0.0 0.0
49.6 3.7152777777777777 9.597222222222221 4.986111111111111 1.0 0.0 0.0 0.0
49.8 3.7395833333333335 9.572916666666666 4.958333333333333 1.0 0.0 0.0 0.0
50.0 3.763888888888889 9.54861111111111 4.930555555555555 1.0 0.0 0.0 0.0
50.2 3.7881944444444446 9.524305555555555 4.902777777777778 1.0 0.0 0.0 0.0
50.4 3.8125 9.5 4.875 1.0 0.0 0.0 0.0
50.6 3.7569444444444446 9.45138888888889 4.826388888888889 1.0 0.0 0.0 0.0
50.8 3.701388888888889 9.402777777777779 4.777777777777778 1.0 0.0 0.0 0.0
51.0 3.6458333333333335 9.354166666666666 4.729166666666667 1.0 0.0 0.0 0.0
51.2 3.5902777777777777 9.305555555555555 4.680555555555555 1.0 0.0 0.0 0.0
51.4 3.5347222222222223 9.256944444444445 4.631944444444445 1.0 0.0 0.0 0.0
51.6 3.4791666666666665 9.208333333333334 4.583333333333333 1.0 0.0 0.0 0.0
51.8 3.423611111111111 9.159722222222221 4.534722222222222 1.0 0.0 0.0 0.0
52.0 3.3680555555555554 9.11111111111111 4.486111111111111 1.0 0.0 0.0 0.0
52.2 3.3125 9.0625 4.4375 1.0 0.0 0.0 0.0
52.4 3.2569444444444446 9.01388888888889 4.388888888888889 1.0 0.0 0.0 0.0
52.6 3.201388888888889 8.965277777777779 4.340277777777778 1.0 0.0 0.0 0.0
52.8 3.1458333333333335 8.916666666666666 4.291666666666667 1.0 0.0 0.0 0.0
53.0 3.0902777777777777 8.868055555555555 4.243055555555555 1.0 0.0 0.0 0.0
53.2 3.0347222222222223 8.819444444444445 4.194444444444445 1.0 0.0 0.0 0.0
53.4 2.979166666666667 8.770833333333334 4.145833333333333 1.0 0.0 0.0 0.0
53.6 2.923611111111111 8.722222222222221 4.097222222222222 1.0 0.0 0.0 0.0
53.8 2.8680555555555554 8.67361111111111 4.048611111111111 1.0 0.0 0.0 0.0
54.0 2.8125 8.625 4.0 1.0 0.0 0.0 0.0
54.2 2.732638888888889 8.569444444444445 3.982638888888889 1.0 0.0 0.0 0.0
54.4 2.6527777777777777 8.51388888888889 3.9652777777777777 1.0 0.0 0.0 0.0
54.6 2.5729166666666665 8.458333333333334 3.9479166666666665 1.0 0.0 0.0 0.0
54.8 2.4930555555555554 8.402777777777779 3.9305555555555554 1.0 0.0 0.0 0.0
55.0 2.4131944444444446 8.347222222222221 3.9131944444444446 1.0 0.0 0.0 0.0
55.2 2.3333333333333335 8.291666666666666 3.8958333333333335 1.0 0.0 0.0 0.0
55.4 2.2534722222222223 8.23611111111111 3.8784722222222223 1.0 0.0 0.0 0.0
55.6 2.173611111111111 8.180555555555555 3.861111111111111 1.0 0.0 0.0 0.0
55.8 2.09375 8.125 3.84375 1.0 0.0 0.0 0.0
56.0 2.013888888888889 8.069444444444445 3.826388888888889 1.0 0.0 0.0 0.0
56.2 1.934027777777778 8.01388888888889 3.8090277777777777 1.0 0.0 0.0 0.0
56.4 1.8541666666666667 7.958333333333333 3.7916666666666665 1.0 0.0 0.0 0.0
56.6 1.7743055555555556 7.902777777777778 3.7743055555555554 1.0 0.0 0.0 0.0
56.8 1.6944444444444446 7.847222222222222 3.7569444444444446 1.0 0.0 0.0 0.0
57.0 1.6145833333333335 7.791666666666667 3.7395833333333335 1.0 0.0 0.0 0.0
57.2 1.5347222222222223 7.736111111111111 3.7222222222222223 1.0 0.0 0.0 0.0
57.4 1.4548611111111112 7.680555555555555 3.704861111111111 1.0 0.0 0.0 0.0
57.6 1.375 7.625 3.6875 1.0 0.0 0.0 0.0
57.8 1.3194444444444444 7.572916666666667 3.6909722222222223 1.0 0.0 0.0 0.0
58.0 1.2638888888888888 7.520833333333333 3.6944444444444446 1.0 0.0 0.0 0.0
58.2 1.2083333333333333 7.46875 3.6979166666666665 1.0 0.0 0.0 0.0
58.4 1.1527777777777777 7.416666666666667 3.701388888888889 1.0 0.0 0.0 0.0
58.6 1.0972222222222223 7.364583333333333 3.704861111111111 1.0 0.0 0.0 0.0
58.8 1.0416666666666667 7.3125 3.7083333333333335 1.0 0.0 0.0 0.0
59.0 0.9861111111111112 7.260416666666667 3.7118055555555554 1.0 0.0 0.0 0.0
59.2 0.9305555555555556 7.208333333333333 3.7152777777777777 1.0 0.0 0.0 0.0
59.4 0.875 7.15625 3.71875 1.0 0.0 0.0 0.0
59.6 0.8194444444444444 7.104166666666667 3.7222222222222223 1.0 0.0 0.0 0.0
59.8 0.763888888888889 7.052083333333333 3.7256944444444446 1.0 0.0 0.0 0.0
60.0 0.7083333333333334 7.0 3.7291666666666665 1.0 0.0 0.0 0.0
60.2 0.6527777777777778 6.947916666666667 3.732638888888889 1.0 0.0 0.0 0.0
60.4 0.5972222222222223 6.895833333333333 3.736111111111111 1.0 0.0 0.0 0.0
60.6 0.5416666666666667 6.84375 3.7395833333333335 1.0 0.0 0.0 0.0
60.8 0.48611111111111116 6.791666666666667 3.7430555555555554 1.0 0.0 0.0 0.0
61.0 0.4305555555555556 6.739583333333333 3.7465277777777777 1.0 0.0 0.0 0.0
61.2 0.375 6.6875 3.75 1.0 0.0 0.0 0.0
61.4 0.3368055555555556 6.628472222222222 3.736111111111111 1.0 0.0 0.0 0.0
61.6 0.2986111111111111 6.569444444444445 3.7222222222222223 1.0 0.0 0.0 0.0
61.8 0.26041666666666663 6.510416666666667 3.7083333333333335 1.0 0.0 0.0 0.0
62.0 0.2222222222222222 6.451388888888889 3.6944444444444446 1.0 0.0 0.0 0.0
62.2 0.18402777777777776 6.392361111111111 3.6805555555555554 1.0 0.0 0.0 0.0
62.4 0.14583333333333331 6.333333333333333 3.6666666666666665 1.0 0.0 0.0 0.0
62.6 0.10763888888888884 6.274305555555555 3.6527777777777777 1.0 0.0 0.0 0.0
62.8 0.06944444444444442 6.215277777777778 3.638888888888889 1.0 0.0 0.0 0.0
63.0 0.03125 6.15625 3.625 1.0 0.0 0.0 0.0
63.2 -0.006944444444444475 6.097222222222222 3.611111111111111 1.0 0.0 0.0 0.0
63.4 -0.04513888888888895 6.038194444444445 3.5972222222222223 1.0 0.0 0.0 0.0
63.6 -0.08333333333333337 5.979166666666667 3.5833333333333335 1.0 0.0 0.0 0.0
63.8 -0.12152777777777779 5.920138888888889 3.5694444444444446 1.0 0.0 0.0 0.0
64.0 -0.15972222222222232 5.861111111111111 3.5555555555555554 1.0 0.0 0.0 0.0
64.2 -0.19791666666666674 5.802083333333333 3.5416666666666665 1.0 0.0 0.0 0.0
64.4 -0.23611111111111116 5.743055555555555 3.5277777777777777 1.0 0.0 0.0 0.0
64.6 -0.2743055555555556 5.684027777777778 3.513888888888889 1.0 0.0 0.0 0.0
64.8 -0.3125 5.625 3.5 1.0 0.0 0.0 0.0
65.0 -0.2916666666666667 5.565972222222222 3.46875 1.0 0.0 0.0 0.0
65.2 -0.2708333333333333 5.506944444444445 3.4375 1.0 0.0 0.0 0.0
65.4 -0.25 5.447916666666667 3.40625 1.0 0.0 0.0 0.0
65.6 -0.22916666666666669 5.388888888888889 3.375 1.0 0.0 0.0 0.0
65.8 -0.20833333333333334 5.329861111111111 3.34375 1.0 0.0 0.0 0.0
66.0 -0.1875 5.270833333333333 3.3125 1.0 0.0 0.0 0.0
66.2 -0.16666666666666669 5.211805555555555 3.28125 1.0 0.0 0.0 0.0
66.4 -0.14583333333333334 5.152777777777778 3.25 1.0 0.0 0.0 0.0
66.6 -0.125 5.09375 3.21875 1.0 0.0 0.0 0.0
66.8 -0.10416666666666669 5.034722222222222 3.1875 1.0 0.0 0.0 0.0
67.0 -0.08333333333333334 4.975694444444445 3.15625 1.0 0.0 0.0 0.0
67.2 -0.0625 4.916666666666667 3.125 1.0 0.0 0.0 0.0
67.4 -0.041666666666666685 4.857638888888889 3.09375 1.0 0.0 0.0 0.0
67.6 -0.02083333333333337 4.798611111111111 3.0625 1.0 0.0 0.0 0.0
67.8 0.0 4.739583333333333 3.03125 1.0 0.0 0.0 0.0
68.0 0.020833333333333315 4.680555555555555 3.0 1.0 0.0 0.0 0.0
68.2 0.04166666666666663 4.621527777777778 2.96875 1.0 0.0 0.0 0.0
68.4 0.0625 4.5625 2.9375 1.0 0.0 0.0 0.0
68.6 0.125 4.486111111111111 2.923611111111111 1.0 0.0 0.0 0.0
68.8 0.1875 4.409722222222222 2.9097222222222223 1.0 0.0 0.0 0.0
69.0 0.25 4.333333333333333 2.8958333333333335 1.0 0.0 0.0 0.0
69.2 0.3125 4.256944444444445 2.8819444444444446 1.0 0.0 0.0 0.0
69.4 0.375 4.180555555555555 2.8680555555555554 1.0 0.0 0.0 0.0
69.6 0.4375 4.104166666666667 2.8541666666666665 1.0 0.0 0.0 0.0
69.8 0.5 4.027777777777778 2.8402777777777777 1.0 0.0 0.0 0.0
70.0 0.5625 3.951388888888889 2.826388888888889 1.0 0.0 0.0 0.0
70.2 0.625 3.875 2.8125 1.0 0.0 0.0 0.0
70.4 0.6875 3.798611111111111 2.798611111111111 1.0 0.0 0.0 0.0
70.6 0.75 3.7222222222222223 2.7847222222222223 1.0 0.0 0.0 0.0
70.8 0.8125 3.645833333333333 2.7708333333333335 1.0 0.0 0.0 0.0
71.0 0.875 3.5694444444444446 2.7569444444444446 1.0 0.0 0.0 0.0
71.2 0.9375 3.4930555555555554 2.7430555555555554 1.0 0.0 0.0 0.0
71.4 1.0 3.4166666666666665 2.7291666666666665 1.0 0.0 0.0 0.0
71.6 1.0625 3.3402777777777777 2.7152777777777777 1.0 0.0 0.0 0.0
71.8 1.125 3.263888888888889 2.701388888888889 1.0 0.0 0.0 0.0
72.0 1.1875 3.1875 2.6875 1.0 0.0 0.0 0.0
72.2 1.2534722222222223 3.1284722222222223 2.6631944444444446 1.0 0.0 0.0 0.0
72.4 1.3194444444444444 3.0694444444444446 2.638888888888889 1.0 0.0 0.0 0.0
72.6 1.3854166666666667 3.0104166666666665 2.6145833333333335 1.0 0.0 0.0 0.0
72.8 1.4513888888888888 2.951388888888889 2.5902777777777777 1.0 0.0 0.0 0.0
73.0 1.5173611111111112 2.892361111111111 2.5659722222222223 1.0 0.0 0.0 0.0
73.2 1.5833333333333335 2.8333333333333335 2.5416666666666665 1.0 0.0 0.0 0.0
73.4 1.6493055555555556 2.7743055555555554 2.517361111111111 1.0 0.0 0.0 0.0
73.6 1.7152777777777777 2.7152777777777777 2.4930555555555554 1.0 0.0 0.0 0.0
73.8 1.78125 2.65625 2.46875 1.0 0.0 0.0 0.0
74.0 1.8472222222222223 2.5972222222222223 2.4444444444444446 1.0 0.0 0.0 0.0
74.2 1.9131944444444444 2.5381944444444446 2.420138888888889 1.0 0.0 0.0 0.0
74.4 1.9791666666666667 2.479166666666667 2.3958333333333335 1.0 0.0 0.0 0.0
74.6 2.045138888888889 2.420138888888889 2.3715277777777777 1.0 0.0 0.0 0.0
74.8 2.111111111111111 2.361111111111111 2.3472222222222223 1.0 0.0 0.0 0.0
75.0 2.1770833333333335 2.3020833333333335 2.3229166666666665 1.0 0.0 0.0 0.0
75.2 2.2430555555555554 2.2430555555555554 2.298611111111111 1.0 0.0 0.0 0.0
75.4 2.3090277777777777 2.1840277777777777 2.2743055555555554 1.0 0.0 0.0 0.0
75.6 2.375 2.125 2.25 1.0 0.0 0.0 0.0
75.8 2.454861111111111 2.076388888888889 2.2222222222222223 1.0 0.0 0.0 0.0
76.0 2.5347222222222223 2.0277777777777777 2.1944444444444446 1.0 0.0 0.0 0.0
76.2 2.6145833333333335 1.9791666666666667 2.1666666666666665 1.0 0.0 0.0 0.0
76.4 2.6944444444444446 1.9305555555555556 2.138888888888889 1.0 0.0 0.0 0.0
76.6 2.7743055555555554 1.8819444444444444 2.111111111111111 1.0 0.0 0.0 0.0
76.8 2.8541666666666665 1.8333333333333333 2.0833333333333335 1.0 0.0 0.0 0.0
77.0 2.9340277777777777 1.7847222222222223 2.0555555555555554 1.0 0.0 0.0 0.0
77.2 3.013888888888889 1.7361111111111112 2.0277777777777777 1.0 0.0 0.0 0.0
77.4 3.09375 1.6875 2.0 1.0 0.0 0.0 0.0
77.6 3.173611111111111 1.6388888888888888 1.9722222222222223 1.0 0.0 0.0 0.0
77.8 3.2534722222222223 1.5902777777777777 1.9444444444444444 1.0 0.0 0.0 0.0
78.0 3.333333333333333 1.5416666666666665 1.9166666666666667 1.0 0.0 0.0 0.0
78.2 3.4131944444444446 1.4930555555555556 1.8888888888888888 1.0 0.0 0.0 0.0
78.4 3.4930555555555554 1.4444444444444444 1.8611111111111112 1.0 0.0 0.0 0.0
78.6 3.5729166666666665 1.3958333333333335 1.8333333333333335 1.0 0.0 0.0 0.0
78.8 3.6527777777777777 1.3472222222222223 1.8055555555555556 1.0 0.0 0.0 0.0
79.0 3.732638888888889 1.2986111111111112 1.7777777777777777 1.0 0.0 0.0 0.0
79.2 3.8125 1.25 1.75 1.0 0.0 0.0 0.0
79.4 3.875 1.2291666666666667 1.7326388888888888 1.0 0.0 0.0 0.0
79.6 3.9375 1.2083333333333333 1.7152777777777777 1.0 0.0 0.0 0.0
79.8 4.0 1.1875 1.6979166666666667 1.0 0.0 0.0 0.0
80.0 4.0625 1.1666666666666667 1.6805555555555556 1.0 0.0 0.0 0.0
80.2 4.125 1.1458333333333333 1.6631944444444444 1.0 0.0 0.0 0.0
80.4 4.1875 1.125 1.6458333333333333 1.0 0.0 0.0 0.0
80.6 4.25 1.1041666666666667 1.6284722222222223 1.0 0.0 0.0 0.0
80.8 4.3125 1.0833333333333333 1.6111111111111112 1.0 0.0 0.0 0.0
81.0 4.375 1.0625 1.59375 1.0 0.0 0.0 0.0
81.2 4.4375 1.0416666666666667 1.5763888888888888 1.0 0.0 0.0 0.0
81.4 4.5 1.0208333333333333 1.5590277777777777 1.0 0.0 0.0 0.0
81.6 4.5625 1.0 1.5416666666666667 1.0 0.0 0.0 0.0
81.8 4.625 0.9791666666666667 1.5243055555555556 1.0 0.0 0.0 0.0
82.0 4.6875 0.9583333333333334 1.5069444444444444 1.0 0.0 0.0 0.0
82.2 4.75 0.9375 1.4895833333333333 1.0 0.0 0.0 0.0
82.4 4.8125 0.9166666666666667 1.4722222222222223 1.0 0.0 0.0 0.0
82.6 4.875 0.8958333333333334 1.4548611111111112 1.0 0.0 0.0 0.0
82.8 4.9375 0.875 1.4375 1.0 0.0 0.0 0.0
83.0 4.972222222222222 0.8472222222222222 1.4548611111111112 1.0 0.0 0.0 0.0
83.2 5.006944444444445 0.8194444444444444 1.4722222222222223 1.0 0.0 0.0 0.0
83.4 5.041666666666667 0.7916666666666666 1.4895833333333333 1.0 0.0 0.0 0.0
83.6 5.076388888888889 0.7638888888888888 1.5069444444444444 1.0 0.0 0.0 0.0
83.8 5.111111111111111 0.7361111111111112 1.5243055555555556 1.0 0.0 0.0 0.0
84.0 5.145833333333333 0.7083333333333334 1.5416666666666667 1.0 0.0 0.0 0.0
84.2 5.180555555555555 0.6805555555555556 1.5590277777777777 1.0 0.0 0.0 0.0
84.4 5.215277777777778 0.6527777777777778 1.5763888888888888 1.0 0.0 0.0 0.0
84.6 5.25 0.625 1.59375 1.0 0.0 0.0 0.0
84.8 5.284722222222222 0.5972222222222222 1.6111111111111112 1.0 0.0 0.0 0.0
85.0 5.319444444444445 0.5694444444444444 1.6284722222222223 1.0 0.0 0.0 0.0
85.2 5.354166666666667 0.5416666666666667 1.6458333333333333 1.0 0.0 0.0 0.0
85.4 5.388888888888889 0.5138888888888888 1.6631944444444444 1.0 0.0 0.0 0.0
85.6 5.423611111111111 0.48611111111111116 1.6805555555555556 1.0 0.0 0.0 0.0
85.8 5.458333333333333 0.45833333333333337 1.6979166666666667 1.0 0.0 0.0 0.0
86.0 5.493055555555555 0.4305555555555556 1.7152777777777777 1.0 0.0 0.0 0.0
86.2 5.527777777777778 0.4027777777777778 1.7326388888888888 1.0 0.0 0.0 0.0
86.4 5.5625 0.375 1.75 1.0 0.0 0.0 0.0
86.6 5.545138888888889 0.3784722222222222 1.7847222222222223 1.0 0.0 0.0 0.0
86.8 5.527777777777778 0.3819444444444444 1.8194444444444444 1.0 0.0 0.0 0.0
87.0 5.510416666666667 0.3854166666666667 1.8541666666666667 1.0 0.0 0.0 0.0
87.2 5.493055555555555 0.3888888888888889 1.8888888888888888 1.0 0.0 0.0 0.0
87.4 5.475694444444445 0.3923611111111111 1.9236111111111112 1.0 0.0 0.0 0.0
87.6 5.458333333333333 0.3958333333333333 1.9583333333333333 1.0 0.0 0.0 0.0
87.8 5.440972222222222 0.3993055555555556 1.9930555555555556 1.0 0.0 0.0 0.0
88.0 5.423611111111111 0.4027777777777778 2.0277777777777777 1.0 0.0 0.0 0.0
88.2 5.40625 0.40625 2.0625 1.0 0.0 0.0 0.0
88.4 5.388888888888889 0.4097222222222222 2.0972222222222223 1.0 0.0 0.0 0.0
88.6 5.371527777777778 0.4131944444444444 2.1319444444444446 1.0 0.0 0.0 0.0
88.8 5.354166666666667 0.4166666666666667 2.1666666666666665 1.0 0.0 0.0 0.0
89.0 5.336805555555555 0.4201388888888889 2.201388888888889 1.0 0.0 0.0 0.0
89.2 5.319444444444445 0.4236111111111111 2.236111111111111 1.0 0.0 0.0 0.0
89.4 5.302083333333333 0.4270833333333333 2.2708333333333335 1.0 0.0 0.0 0.0
89.6 5.284722222222222 0.4305555555555556 2.3055555555555554 1.0 0.0 0.0 0.0
89.8 5.267361111111111 0.4340277777777778 2.3402777777777777 1.0 0.0 0.0 0.0
90.0 5.25 0.4375 2.375 1.0 0.0 0.0 0.0
90.2 5.225694444444445 0.4583333333333333 2.3819444444444446 1.0 0.0 0.0 0.0
90.4 5.201388888888889 0.4791666666666667 2.388888888888889 1.0 0.0 0.0 0.0
90.6 5.177083333333333 0.5 2.3958333333333335 1.0 0.0 0.0 0.0
90.8 5.152777777777778 0.5208333333333334 2.4027777777777777 1.0 0.0 0.0 0.0
91.0 5.128472222222222 0.5416666666666666 2.4097222222222223 1.0 0.0 0.0 0.0
91.2 5.104166666666667 0.5625 2.4166666666666665 1.0 0.0 0.0 0.0
91.4 5.079861111111111 0.5833333333333333 2.423611111111111 1.0 0.0 0.0 0.0
91.6 5.055555555555555 0.6041666666666666 2.4305555555555554 1.0 0.0 0.0 0.0
91.8 5.03125 0.625 2.4375 1.0 0.0 0.0 0.0
92.0 5.006944444444445 0.6458333333333333 2.4444444444444446 1.0 0.0 0.0 0.0
92.2 4.982638888888889 0.6666666666666666 2.451388888888889 1.0 0.0 0.0 0.0
92.4 4.958333333333333 0.6875 2.4583333333333335 1.0 0.0 0.0 0.0
92.6 4.934027777777778 0.7083333333333333 2.4652777777777777 1.0 0.0 0.0 0.0
92.8 4.909722222222222 0.7291666666666666 2.4722222222222223 1.0 0.0 0.0 0.0
93.0 4.885416666666667 0.75 2.4791666666666665 1.0 0.0 0.0 0.0
93.2 4.861111111111111 0.7708333333333333 2.486111111111111 1.0 0.0 0.0 0.0
93.4 4.836805555555555 0.7916666666666666 2.4930555555555554 1.0 0.0 0.0 0.0
93.6 4.8125 0.8125 2.5 1.0 0.0 0.0 0.0
93.8 4.777777777777778 0.8680555555555556 2.5 1.0 0.0 0.0 0.0
94.0 4.743055555555555 0.9236111111111112 2.5 1.0 0.0 0.0 0.0
94.2 4.708333333333333 0.9791666666666666 2.5 1.0 0.0 0.0 0.0
94.4 4.673611111111111 1.0347222222222223 2.5 1.0 0.0 0.0 0.0
94.6 4.638888888888889 1.0902777777777777 2.5 1.0 0.0 0.0 0.0
94.8 4.604166666666667 1.1458333333333333 2.5 1.0 0.0 0.0 0.0
95.0 4.569444444444445 1.2013888888888888 2.5 1.0 0.0 0.0 0.0
95.2 4.534722222222222 1.2569444444444444 2.5 1.0 0.0 0.0 0.0
95.4 4.5 1.3125 2.5 1.0 0.0 0.0 0.0
95.6 4.465277777777778 1.3680555555555556 2.5 1.0 0.0 0.0 0.0
95.8 4.430555555555555 1.4236111111111112 2.5 1.0 0.0 0.0 0.0
96.0 4.395833333333333 1.4791666666666665 2.5 1.0 0.0 0.0 0.0
96.2 4.361111111111111 1.5347222222222223 2.5 1.0 0.0 0.0 0.0
96.4 4.326388888888889 1.5902777777777777 2.5 1.0 0.0 0.0 0.0
96.6 4.291666666666667 1.6458333333333333 2.5 1.0 0.0 0.0 0.0
96.8 4.256944444444445 1.7013888888888888 2.5 1.0 0.0 0.0 0.0
97.0 4.222222222222222 1.7569444444444444 2.5 1.0 0.0 0.0 0.0
97.2 4.1875 1.8125 2.5 1.0 0.0 0.0 0.0
97.4 4.128472222222222 1.8715277777777777 2.4895833333333335 1.0 0.0 0.0 0.0
97.6 4.069444444444445 1.9305555555555556 2.4791666666666665 1.0 0.0 0.0 0.0
97.8 4.010416666666667 1.9895833333333333 2.46875 1.0 0.0 0.0 0.0
98.0 3.951388888888889 2.048611111111111 2.4583333333333335 1.0 0.0 0.0 0.0
98.2 3.892361111111111 2.107638888888889 2.4479166666666665 1.0 0.0 0.0 0.0
98.4 3.8333333333333335 2.1666666666666665 2.4375 1.0 0.0 0.0 0.0
98.6 3.7743055555555554 2.2256944444444446 2.4270833333333335 1.0 0.0 0.0 0.0
98.8 3.7152777777777777 2.2847222222222223 2.4166666666666665 1.0 0.0 0.0 0.0
99.0 3.65625 2.34375 2.40625 1.0 0.0 0.0 0.0
99.2 3.5972222222222223 2.4027777777777777 2.3958333333333335 1.0 0.0 0.0 0.0
99.4 3.5381944444444446 2.4618055555555554 2.3854166666666665 1.0 0.0 0.0 0.0
99.6 3.479166666666667 2.520833333333333 2.375 1.0 0.0 0.0 0.0
99.8 3.420138888888889 2.579861111111111 2.3645833333333335 1.0 0.0 0.0 0.0
100.0 3.361111111111111 2.638888888888889 2.3541666666666665 1.0 0.0 0.0 0.0
100.2 3.3020833333333335 2.6979166666666665 2.34375 1.0 0.0 0.0 0.0
100.4 3.2430555555555554 2.7569444444444446 2.3333333333333335 1.0 0.0 0.0 0.0
100.6 3.1840277777777777 2.8159722222222223 2.3229166666666665 1.0 0.0 0.0 0.0
100.8 3.125 2.875 2.3125 1.0 0.0 0.0 0.0
101.0 3.0625 2.857638888888889 2.298611111111111 1.0 0.0 0.0 0.0
101.2 3.0 2.8402777777777777 2.2847222222222223 1.0 0.0 0.0 0.0
101.4 2.9375 2.8229166666666665 2.2708333333333335 1.0 0.0 0.0 0.0
101.6 2.875 2.8055555555555554 2.2569444444444446 1.0 0.0 0.0 0.0
101.8 2.8125 2.7881944444444446 2.2430555555555554 1.0 0.0 0.0 0.0
102.0 2.75 2.7708333333333335 2.2291666666666665 1.0 0.0 0.0 0.0
102.2 2.6875 2.7534722222222223 2.2152777777777777 1.0 0.0 0.0 0.0
102.4 2.625 2.736111111111111 2.201388888888889 1.0 0.0 0.0 0.0
102.6 2.5625 2.71875 2.1875 1.0 0.0 0.0 0.0
102.8 2.5 2.701388888888889 2.173611111111111 1.0 0.0 0.0 0.0
103.0 2.4375 2.6840277777777777 2.1597222222222223 1.0 0.0 0.0 0.0
103.2 2.375 2.6666666666666665 2.1458333333333335 1.0 0.0 0.0 0.0
103.4 2.3125 2.6493055555555554 2.1319444444444446 1.0 0.0 0.0 0.0
103.6 2.25 2.6319444444444446 2.1180555555555554 1.0 0.0 0.0 0.0
103.8 2.1875 2.6145833333333335 2.1041666666666665 1.0 0.0 0.0 0.0
104.0 2.125 2.5972222222222223 2.0902777777777777 1.0 0.0 0.0 0.0
104.2 2.0625 2.579861111111111 2.076388888888889 1.0 0.0 0.0 0.0
104.4 2.0 2.5625 2.0625 1.0 0.0 0.0 0.0
104.6 1.9513888888888888 2.4930555555555554 2.045138888888889 1.0 0.0 0.0 0.0
104.8 1.9027777777777777 2.423611111111111 2.0277777777777777 1.0 0.0 0.0 0.0
105.0 1.8541666666666667 2.3541666666666665 2.0104166666666665 1.0 0.0 0.0 0.0
105.2 1.8055555555555556 2.2847222222222223 1.9930555555555556 1.0 0.0 0.0 0.0
105.4 1.7569444444444444 2.2152777777777777 1.9756944444444444 1.0 0.0 0.0 0.0
105.6 1.7083333333333333 2.1458333333333335 1.9583333333333333 1.0 0.0 0.0 0.0
105.8 1.6597222222222223 2.076388888888889 1.9409722222222223 1.0 0.0 0.0 0.0
106.0 1.6111111111111112 2.0069444444444446 1.9236111111111112 1.0 0.0 0.0 0.0
106.2 1.5625 1.9375 1.90625 1.0 0.0 0.0 0.0
106.4 1.5138888888888888 1.8680555555555556 1.8888888888888888 1.0 0.0 0.0 0.0
106.6 1.4652777777777777 1.7986111111111112 1.8715277777777777 1.0 0.0 0.0 0.0
106.8 1.4166666666666665 1.7291666666666665 1.8541666666666667 1.0 0.0 0.0 0.0
107.0 1.3680555555555556 1.6597222222222223 1.8368055555555556 1.0 0.0 0.0 0.0
107.2 1.3194444444444444 1.5902777777777777 1.8194444444444444 1.0 0.0 0.0 0.0
107.4 1.2708333333333335 1.5208333333333333 1.8020833333333333 1.0 0.0 0.0 0.0
107.6 1.2222222222222223 1.4513888888888888 1.7847222222222223 1.0 0.0 0.0 0.0
107.8 1.1736111111111112 1.3819444444444444 1.7673611111111112 1.0 0.0 0.0 0.0
108.0 1.125 1.3125 1.75 1.0 0.0 0.0 0.0
108.2 1.1354166666666667 1.2534722222222223 1.7743055555555556 1.0 0.0 0.0 0.0
108.4 1.1458333333333333 1.1944444444444444 1.7986111111111112 1.0 0.0 0.0 0.0
108.6 1.15625 1.1354166666666667 1.8229166666666667 1.0 0.0 0.0 0.0
108.8 1.1666666666666667 1.0763888888888888 1.8472222222222223 1.0 0.0 0.0 0.0
109.0 1.1770833333333333 1.0173611111111112 1.8715277777777777 1.0 0.0 0.0 0.0
109.2 1.1875 0.9583333333333334 1.8958333333333333 1.0 0.0 0.0 0.0
109.4 1.1979166666666667 0.8993055555555556 1.9201388888888888 1.0 0.0 0.0 0.0
109.6 1.2083333333333333 0.8402777777777778 1.9444444444444444 1.0 0.0 0.0 0.0
109.8 1.21875 0.78125 1.96875 1.0 0.0 0.0 0.0
110.0 1.2291666666666667 0.7222222222222222 1.9930555555555556 1.0 0.0 0.0 0.0
110.2 1.2395833333333333 0.6631944444444444 2.017361111111111 1.0 0.0 0.0 0.0
110.4 1.25 0.6041666666666667 2.0416666666666665 1.0 0.0 0.0 0.0
110.6 1.2604166666666667 0.545138888888889 2.0659722222222223 1.0 0.0 0.0 0.0
110.8 1.2708333333333333 0.48611111111111116 2.0902777777777777 1.0 0.0 0.0 0.0
111.0 1.28125 0.42708333333333337 2.1145833333333335 1.0 0.0 0.0 0.0
111.2 1.2916666666666667 0.3680555555555556 2.138888888888889 1.0 0.0 0.0 0.0
111.4 1.3020833333333333 0.3090277777777779 2.1631944444444446 1.0 0.0 0.0 0.0
111.6 1.3125 0.25 2.1875 1.0 0.0 0.0 0.0
111.8 1.3194444444444444 0.1597222222222222 2.201388888888889 1.0 0.0 0.0 0.0
112.0 1.3263888888888888 0.06944444444444445 2.2152777777777777 1.0 0.0 0.0 0.0
112.2 1.3333333333333333 -0.020833333333333315 2.2291666666666665 1.0 0.0 0.0 0.0
112.4 1.3402777777777777 -0.1111111111111111 2.2430555555555554 1.0 0.0 0.0 0.0
112.6 1.3472222222222223 -0.2013888888888889 2.2569444444444446 1.0 0.0 0.0 0.0
112.8 1.3541666666666667 -0.29166666666666663 2.2708333333333335 1.0 0.0 0.0 0.0
113.0 1.3611111111111112 -0.3819444444444444 2.2847222222222223 1.0 0.0 0.0 0.0
113.2 1.3680555555555556 -0.4722222222222222 2.298611111111111 1.0 0.0 0.0 0.0
113.4 1.375 -0.5625 2.3125 1.0 0.0 0.0 0.0
113.6 1.3819444444444444 -0.6527777777777778 2.326388888888889 1.0 0.0 0.0 0.0
113.8 1.3888888888888888 -0.7430555555555556 2.3402777777777777 1.0 0.0 0.0 0.0
114.0 1.3958333333333333 -0.8333333333333333 2.3541666666666665 1.0 0.0 0.0 0.0
114.2 1.4027777777777777 -0.9236111111111112 2.3680555555555554 1.0 0.0 0.0 0.0
114.4 1.4097222222222223 -1.0138888888888888 2.3819444444444446 1.0 0.0 0.0 0.0
114.6 1.4166666666666667 -1.1041666666666667 2.3958333333333335 1.0 0.0 0.0 0.0
114.8 1.4236111111111112 -1.1944444444444444 2.4097222222222223 1.0 0.0 0.0 0.0
115.0 1.4305555555555556 -1.284722222222222 2.423611111111111 1.0 0.0 0.0 0.0
115.2 1.4375 -1.375 2.4375 1.0 0.0 0.0 0.0
115.4 1.4548611111111112 -1.4270833333333333 2.4618055555555554 1.0 0.0 0.0 0.0
115.6 1.4722222222222223 -1.4791666666666667 2.486111111111111 1.0 0.0 0.0 0.0
115.8 1.4895833333333333 -1.53125 2.5104166666666665 1.0 0.0 0.0 0.0
116.0 1.5069444444444444 -1.5833333333333333 2.5347222222222223 1.0 0.0 0.0 0.0
116.2 1.5243055555555556 -1.6354166666666667 2.5590277777777777 1.0 0.0 0.0 0.0
116.4 1.5416666666666667 -1.6875 2.5833333333333335 1.0 0.0 0.0 0.0
116.6 1.5590277777777777 -1.7395833333333335 2.607638888888889 1.0 0.0 0.0 0.0
116.8 1.5763888888888888 -1.7916666666666667 2.6319444444444446 1.0 0.0 0.0 0.0
117.0 1.59375 -1.84375 2.65625 1.0 0.0 0.0 0.0
117.2 1.6111111111111112 -1.8958333333333335 2.6805555555555554 1.0 0.0 0.0 0.0
117.4 1.6284722222222223 -1.9479166666666667 2.704861111111111 1.0 0.0 0.0 0.0
117.6 1.6458333333333333 -2.0 2.7291666666666665 1.0 0.0 0.0 0.0
117.8 1.6631944444444444 -2.0520833333333335 2.7534722222222223 1.0 0.0 0.0 0.0
118.0 1.6805555555555556 -2.104166666666667 2.7777777777777777 1.0 0.0 0.0 0.0
118.2 1.6979166666666667 -2.15625 2.8020833333333335 1.0 0.0 0.0 0.0
118.4 1.7152777777777777 -2.2083333333333335 2.826388888888889 1.0 0.0 0.0 0.0
118.6 1.7326388888888888 -2.260416666666667 2.8506944444444446 1.0 0.0 0.0 0.0
118.8 1.75 -2.3125 2.875 1.0 0.0 0.0 0.0
119.0 1.7847222222222223 -2.3333333333333335 2.8680555555555554 1.0 0.0 0.0 0.0
119.2 1.8194444444444444 -2.3541666666666665 2.861111111111111 1.0 0.0 0.0 0.0
119.4 1.8541666666666667 -2.375 2.8541666666666665 1.0 0.0 0.0 0.0
119.6 1.8888888888888888 -2.3958333333333335 2.8472222222222223 1.0 0.0 0.0 0.0
119.8 1.9236111111111112 -2.4166666666666665 2.8402777777777777 1.0 0.0 0.0 0.0
120.0 1.9583333333333333 -2.4375 2.8333333333333335 1.0 0.0 0.0 0.0
120.2 1.9930555555555556 -2.4583333333333335 2.826388888888889 1.0 0.0 0.0 0.0
120.4 2.0277777777777777 -2.4791666666666665 2.8194444444444446 1.0 0.0 0.0 0.0
120.6 2.0625 -2.5 2.8125 1.0 0.0 0.0 0.0
120.8 2.0972222222222223 -2.5208333333333335 2.8055555555555554 1.0 0.0 0.0 0.0
121.0 2.1319444444444446 -2.5416666666666665 2.798611111111111 1.0 0.0 0.0 0.0
121.2 2.1666666666666665 -2.5625 2.7916666666666665 1.0 0.0 0.0 0.0
121.4 2.201388888888889 -2.5833333333333335 2.7847222222222223 1.0 0.0 0.0 0.0
121.6 2.236111111111111 -2.6041666666666665 2.7777777777777777 1.0 0.0 0.0 0.0
121.8 2.2708333333333335 -2.625 2.7708333333333335 1.0 0.0 0.0 0.0
122.0 2.3055555555555554 -2.6458333333333335 2.763888888888889 1.0 0.0 0.0 0.0
122.2 2.3402777777777777 -2.6666666666666665 2.7569444444444446 1.0 0.0 0.0 0.0
122.4 2.375 -2.6875 2.75 1.0 0.0 0.0 0.0
122.6 2.3784722222222223 -2.625 2.7395833333333335 1.0 0.0 0.0 0.0
122.8 2.3819444444444446 -2.5625 2.7291666666666665 1.0 0.0 0.0 0.0
123.0 2.3854166666666665 -2.5 2.71875 1.0 0.0 0.0 0.0
123.2 2.388888888888889 -2.4375 2.7083333333333335 1.0 0.0 0.0 0.0
123.4 2.392361111111111 -2.375 2.6979166666666665 1.0 0.0 0.0 0.0
123.6 2.3958333333333335 -2.3125 2.6875 1.0 0.0 0.0 0.0
123.8 2.3993055555555554 -2.25 2.6770833333333335 1.0 0.0 0.0 0.0
124.0 2.4027777777777777 -2.1875 2.6666666666666665 1.0 0.0 0.0 0.0
124.2 2.40625 -2.125 2.65625 1.0 0.0 0.0 0.0
124.4 2.4097222222222223 -2.0625 2.6458333333333335 1.0 0.0 0.0 0.0
124.6 2.4131944444444446 -2.0 2.6354166666666665 1.0 0.0 0.0 0.0
124.8 2.4166666666666665 -1.9375 2.625 1.0 0.0 0.0 0.0
125.0 2.420138888888889 -1.875 2.6145833333333335 1.0 0.0 0.0 0.0
125.2 2.423611111111111 -1.8125 2.6041666666666665 1.0 0.0 0.0 0.0
125.4 2.4270833333333335 -1.75 2.59375 1.0 0.0 0.0 0.0
125.6 2.4305555555555554 -1.6875 2.5833333333333335 1.0 0.0 0.0 0.0
125.8 2.4340277777777777 -1.625 2.5729166666666665 1.0 0.0 0.0 0.0
126.0 2.4375 -1.5625 2.5625 1.0 0.0 0.0 0.0
126.2 2.4305555555555554 -1.5972222222222223 2.5625 1.0 0.0 0.0 0.0
126.4 2.423611111111111 -1.6319444444444444 2.5625 1.0 0.0 0.0 0.0
126.6 2.4166666666666665 -1.6666666666666667 2.5625 1.0 0.0 0.0 0.0
126.8 2.4097222222222223 -1.7013888888888888 2.5625 1.0 0.0 0.0 0.0
127.0 2.4027777777777777 -1.7361111111111112 2.5625 1.0 0.0 0.0 0.0
127.2 2.3958333333333335 -1.7708333333333333 2.5625 1.0 0.0 0.0 0.0
127.4 2.388888888888889 -1.8055555555555556 2.5625 1.0 0.0 0.0 0.0
127.6 2.3819444444444446 -1.8402777777777777 2.5625 1.0 0.0 0.0 0.0
127.8 2.375 -1.875 2.5625 1.0 0.0 0.0 0.0
128.0 2.3680555555555554 -1.9097222222222223 2.5625 1.0 0.0 0.0 0.0
128.2 2.361111111111111 -1.9444444444444444 2.5625 1.0 0.0 0.0 0.0
128.4 2.3541666666666665 -1.9791666666666667 2.5625 1.0 0.0 0.0 0.0
128.6 2.3472222222222223 -2.013888888888889 2.5625 1.0 0.0 0.0 0.0
128.8 2.3402777777777777 -2.048611111111111 2.5625 1.0 0.0 0.0 0.0
129.0 2.3333333333333335 -2.0833333333333335 2.5625 1.0 0.0 0.0 0.0
129.2 2.326388888888889 -2.1180555555555554 2.5625 1.0 0.0 0.0 0.0
129.4 2.3194444444444446 -2.1527777777777777 2.5625 1.0 0.0 0.0 0.0
129.6 2.3125 -2.1875 2.5625 1.0 0.0 0.0 0.0
129.8 2.3125 -2.1875 2.5625 1.0 0.0 0.0 0.0
130.0 2.3125 -2.1875 2.5625 1.0 0.0 0.0 0.0
130.2 2.3125 -2.1875 2.5625 1.0 0.0 0.0 0.0
130.4 2.3125 -2.1875 2.5625 1.0 0.0 0.0 0.0
130.6 2.3125 -2.1875 2.5625 1.0 0.0 0.0 0.0
130.8 2.3125 -2.1875 2.5625 1.0 0.0 0.0 0.0
131.0 2.3125 -2.1875 2.5625 1.0 0.0 0.0 0.0
131.2 2.3125 -2.1875 2.5625 1.0 0.0 0.0 0.0
131.4 2.3125 -2.1875 2.5625 1.0 0.0 0.0 0.0
131.6 2.3125 -2.1875 2.5625 1.0 0.0 0.0 0.0
131.8 2.3125 -2.1875 2.5625 1.0 0.0 0.0 0.0
132.0 2.3125 -2.1875 2.5625 1.0 0.0 0.0 0.0
132.2 2.3125 -2.1875 2.5625 1.0 0.0 0.0 0.0
132.4 2.3125 -2.1875 2.5625 1.0 0.0 0.0 0.0
132.6 2.3125 -2.1875 2.5625 1.0 0.0 0.0 0.0
132.8 2.3125 -2.1875 2.5625 1.0 0.0 0.0 0.0
133.0 2.3125 -2.1875 2.5625 1.0 0.0 0.0 0.0
