0.0 4.27252717979801 2.274350335000829 5.094860758252215 1.0 0.0 0.0 0.0
0.2 0.5190976794499402 5.3315932991164585 2.163338972934035 1.0 0.0 0.0 0.0
0.4 1.8864564134397743 3.416570709945674 2.588357592867501 1.0 0.0 0.0 0.0
0.6 0.8959019323458826 2.41635003565856 2.7263810602237335 1.0 0.0 0.0 0.0
0.8 3.5678119958334955 3.4295782898017517 4.024600549111539 1.0 0.0 0.0 0.0
1.0 0.8409860531682187 3.9612394482574533 3.1053393407967125 1.0 0.0 0.0 0.0
1.2 0.9569055959718584 5.381368145792596 5.267398536827295 1.0 0.0 0.0 0.0
1.4 1.7159320173665513 4.5841717286026515 2.6311015170112384 1.0 0.0 0.0 0.0
1.6 1.08993509062525 5.541271496905282 1.9546126374560022 1.0 0.0 0.0 0.0
1.8 0.789676715863274 5.416796316054554 2.272462745404641 1.0 0.0 0.0 0.0
2.0 3.2273602023492405 4.768113269576485 4.68447288959447 1.0 0.0 0.0 0.0
2.2 2.7276383410297225 4.835134532583931 2.7412565855783946 1.0 0.0 0.0 0.0
2.4 1.3109069267364042 2.7146739841804965 4.598810768634138 1.0 0.0 0.0 0.0
2.6 4.00798507192531 2.289828858410017 2.80907374112817 1.0 0.0 0.0 0.0
2.8 2.554077344204594 3.8245248755215346 4.87055890325019 1.0 0.0 0.0 0.0
3.0 4.031484590081306 5.320528396912428 4.002425269562412 1.0 0.0 0.0 0.0
3.2 2.4413791897713715 3.7697368663524777 4.323870743996018 1.0 0.0 0.0 0.0
3.4 3.5368035864116383 5.655423846583169 5.033328801338078 1.0 0.0 0.0 0.0
3.6 4.568200674132006 3.017368512731382 2.8695032885819405 1.0 0.0 0.0 0.0
3.8 2.0517559666111156 1.9887510613127661 2.923922934236338 1.0 0.0 0.0 0.0
4.0 1.1059619093642277 3.3168468974237637 5.416701305577057 1.0 0.0 0.0 0.0
4.2 3.1571151626962717 2.0849287164995065 1.9292995292075878 1.0 0.0 0.0 0.0
4.4 1.5863414847753283 5.269917708219966 3.589074891710437 1.0 0.0 0.0 0.0
4.6 1.6774318152143222 3.4384284087727846 2.506151606459742 1.0 0.0 0.0 0.0
4.8 4.476693965105813 3.945008012516695 4.659517463545626 1.0 0.0 0.0 0.0
5.0 4.818064283694754 2.3599761975444036 4.923296118151674 1.0 0.0 0.0 0.0
5.2 1.1672051706947517 2.3213241737989057 4.382103207027832 1.0 0.0 0.0 0.0
5.4 4.708744984133835 1.9450378843338383 5.2648840864708575 1.0 0.0 0.0 0.0
5.6 1.9440417739930131 4.762685378108069 3.592927890784578 1.0 0.0 0.0 0.0
5.8 3.983767993658306 2.8038522547012192 4.983890151847193 1.0 0.0 0.0 0.0
6.0 2.764813605771984 3.350573700115426 4.837308470927157 1.0 0.0 0.0 0.0
6.2 5.22787113228415 3.5910531284763785 4.9803558744825605 1.0 0.0 0.0 0.0
6.4 5.052799530305008 5.198136485416781 2.8916177731679795 1.0 0.0 0.0 0.0
6.6 2.2629095448415635 4.246302700545524 3.201543644479747 1.0 0.0 0.0 0.0
6.8 1.5821838313161876 3.52326425784325 2.9216856525968575 1.0 0.0 0.0 0.0
7.0 3.800569623332115 2.67354418211813 2.3160202179539784 1.0 0.0 0.0 0.0
7.2 4.176716182821735 3.522975797633876 3.2397998156361076 1.0 0.0 0.0 0.0
7.4 5.219800670731219 3.6056445381129443 3.228646687338566 1.0 0.0 0.0 0.0
7.6 2.8535595001537883 4.57344743473978 5.713537268541912 1.0 0.0 0.0 0.0
7.8 3.550501653228938 2.7784611932824106 4.114128209894282 1.0 0.0 0.0 0.0
8.0 3.350270002892314 3.875399224545302 4.63080540972149 1.0 0.0 0.0 0.0
8.2 2.9939194829457847 4.402155862669746 2.553846261760212 1.0 0.0 0.0 0.0
8.4 5.230251259017443 5.253673054578804 2.8944236828536454 1.0 0.0 0.0 0.0
8.6 2.4321791124525944 4.095342319553895 5.621613881022646 1.0 0.0 0.0 0.0
8.8 2.1727394909115674 5.259359513478907 3.3583006919388456 1.0 0.0 0.0 0.0
9.0 3.49762339521821 6.326152802650769 4.040754751548044 1.0 0.0 0.0 0.0
9.2 2.2037458795886344 3.8467719731148318 4.912338098837026 1.0 0.0 0.0 0.0
9.4 5.287712451644353 3.1934326709666587 5.070073293738011 1.0 0.0 0.0 0.0
9.6 3.162454537288111 6.707844977061185 2.32592183385289 1.0 0.0 0.0 0.0
9.8 3.490687589849916 5.23097194201599 5.2322204107137775 1.0 0.0 0.0 0.0
10.0 2.2289156137470405 5.370702536679942 3.4460691531847516 1.0 0.0 0.0 0.0
10.2 4.876670959764251 6.568938088840149 4.990923319221917 1.0 0.0 0.0 0.0
10.4 3.1924361327242714 4.82344867042381 2.0614853084901403 1.0 0.0 0.0 0.0
10.6 4.592939405146877 5.466993724263823 4.444402958765835 1.0 0.0 0.0 0.0
10.8 5.52814247439019 4.741721767234795 2.7540761077992535 1.0 0.0 0.0 0.0
11.0 3.7372189008963836 5.53070015687841 3.6818731489761074 1.0 0.0 0.0 0.0
11.2 5.686526357340264 7.1917750481043345 2.8591406445298855 1.0 0.0 0.0 0.0
11.4 3.3765636182443775 4.574937254141201 5.497034054792196 1.0 0.0 0.0 0.0
11.6 3.2956022847926913 6.723345616806174 4.159298302441609 1.0 0.0 0.0 0.0
11.8 5.987445897325607 6.404662927231648 4.091939532199955 1.0 0.0 0.0 0.0
12.0 2.8218041495578507 4.809714611701996 4.955739160819431 1.0 0.0 0.0 0.0
12.2 2.410230913496598 5.1913358026405625 5.153374197981382 1.0 0.0 0.0 0.0
12.4 3.8879058475931796 7.7222908012207725 2.6547212519458983 1.0 0.0 0.0 0.0
12.6 3.077811433298651 6.355303502012573 5.741940114149243 1.0 0.0 0.0 0.0
12.8 6.294037694793673 6.6590949145765315 4.473927377001929 1.0 0.0 0.0 0.0
13.0 3.633076756009144 8.16427130744567 2.7640737270074895 1.0 0.0 0.0 0.0
13.2 5.470472640975426 7.125050141823763 4.052176646142955 1.0 0.0 0.0 0.0
13.4 5.711834247882054 6.303420875812609 4.557125646992339 1.0 0.0 0.0 0.0
13.6 5.795827071513372 5.051806771205593 4.434855167428508 1.0 0.0 0.0 0.0
13.8 2.849744076008628 8.218997297167817 3.8737473977583354 1.0 0.0 0.0 0.0
14.0 3.9489437649554517 4.491627504199022 4.623815158748828 1.0 0.0 0.0 0.0
14.2 5.43365284820535 7.015975490329357 2.359915530593989 1.0 0.0 0.0 0.0
14.4 5.1947106103142335 4.860017711250226 2.38560223563693 1.0 0.0 0.0 0.0
14.6 3.0570340696157663 6.098568918504139 2.3399122177403795 1.0 0.0 0.0 0.0
14.8 3.385635255495335 7.209236554873415 3.053715177837625 1.0 0.0 0.0 0.0
15.0 3.862468659699517 6.122928023416984 2.782827054367006 1.0 0.0 0.0 0.0
15.2 5.641583502224087 5.072414386605146 3.2852600547764768 1.0 0.0 0.0 0.0
15.4 4.7490137117368345 5.9640186681997545 5.732849767855062 1.0 0.0 0.0 0.0
15.6 4.58883630935728 7.452064448039582 2.2503425505681447 1.0 0.0 0.0 0.0
15.8 5.941594678883853 8.201604557058916 5.486290579970389 1.0 0.0 0.0 0.0
16.0 2.18444308222195 6.642976526076033 2.433687572424642 1.0 0.0 0.0 0.0
16.2 3.66092011746308 7.276144163798758 6.137324647240341 1.0 0.0 0.0 0.0
16.4 5.3831113231718515 7.791556906338581 2.3251045199868097 1.0 0.0 0.0 0.0
16.6 2.2787969262045484 6.189168840536556 2.664009556179792 1.0 0.0 0.0 0.0
16.8 4.060284288882485 4.959994343730958 2.6633377309837716 1.0 0.0 0.0 0.0
17.0 2.3542911957099832 8.0261531933681 4.948709023821365 1.0 0.0 0.0 0.0
17.2 3.7405787651976468 5.292570350713893 3.1338602822145347 1.0 0.0 0.0 0.0
17.4 5.0993979164560885 7.504040262132511 3.2836616117889523 1.0 0.0 0.0 0.0
17.6 3.632132027591858 8.802698903202693 4.113334591182532 1.0 0.0 0.0 0.0
17.8 2.2851942752588226 6.36991246520444 6.147355561409626 1.0 0.0 0.0 0.0
18.0 2.957073295090648 7.993115808899059 6.3455451925826 1.0 0.0 0.0 0.0
18.2 2.155672584472664 7.330391444366832 3.6443477946434637 1.0 0.0 0.0 0.0
18.4 2.315413426749023 5.789373989635736 2.5906211382229607 1.0 0.0 0.0 0.0
18.6 4.01532652691926 6.704146887291941 2.5951592458287873 1.0 0.0 0.0 0.0
18.8 1.268605311249984 9.06969922695604 4.624470050602265 1.0 0.0 0.0 0.0
19.0 4.519851832199756 5.6601772649341555 4.254537608290802 1.0 0.0 0.0 0.0
19.2 3.868533527362022 6.520434024762396 4.391888724443003 1.0 0.0 0.0 0.0
19.4 4.790911584892211 5.898341035467491 5.23178561580341 1.0 0.0 0.0 0.0
19.6 4.0602922237381875 8.32628062332275 5.429086223430863 1.0 0.0 0.0 0.0
19.8 4.275039788108584 6.63332636311296 2.774868996810536 1.0 0.0 0.0 0.0
20.0 3.1504690882994506 9.283742007109748 3.1069191224158743 1.0 0.0 0.0 0.0
20.2 4.502335083983046 8.958869612524659 3.146044234006448 1.0 0.0 0.0 0.0
20.4 4.810782578558458 8.267315895023057 4.530704861112423 1.0 0.0 0.0 0.0
20.6 4.914078539294588 6.374265481303311 5.083711672431932 1.0 0.0 0.0 0.0
20.8 4.8326202147660435 5.683833156895566 4.580492918313525 1.0 0.0 0.0 0.0
21.0 4.301937412560665 7.891611312154483 3.5173637808126195 1.0 0.0 0.0 0.0
21.2 1.521671324988925 9.197226349505684 5.466984757636336 1.0 0.0 0.0 0.0
21.4 3.1540927806671277 8.626138271425612 2.4951065116149245 1.0 0.0 0.0 0.0
21.6 4.214214285517255 7.680964510473576 4.706910513325405 1.0 0.0 0.0 0.0
21.8 2.865043005667685 7.491693042513765 3.2034445639543385 1.0 0.0 0.0 0.0
22.0 1.9480893178308536 8.721959090980686 6.40803460279845 1.0 0.0 0.0 0.0
22.2 1.2456338232859072 6.762282521509352 2.661476948362658 1.0 0.0 0.0 0.0
22.4 2.0345124218801836 6.7219366229361786 4.171347005184118 1.0 0.0 0.0 0.0
22.6 4.608919100353925 9.434940340475395 2.517093819807765 1.0 0.0 0.0 0.0
22.8 3.98770256686827 8.139748409398468 2.651198182186624 1.0 0.0 0.0 0.0
23.0 1.5691327023341102 9.711786734790703 2.67793069820854 1.0 0.0 0.0 0.0
23.2 3.609401425495049 6.822156757428173 5.990014674909281 1.0 0.0 0.0 0.0
23.4 4.032168594208857 7.252413024659443 3.231090945185306 1.0 0.0 0.0 0.0
23.6 0.9823473992231802 5.954538706608124 4.145694722972673 1.0 0.0 0.0 0.0
23.8 4.270524331387474 9.542132796851279 3.161461220369892 1.0 0.0 0.0 0.0
24.0 3.6963685069174606 6.42331295472586 4.166632038215338 1.0 0.0 0.0 0.0
24.2 4.280638159672717 7.764838759276728 3.6762254974044097 1.0 0.0 0.0 0.0
24.4 3.115534067209058 8.358506123966261 5.268626956863274 1.0 0.0 0.0 0.0
24.6 1.6297381081936662 7.345921837035938 3.4017637674045273 1.0 0.0 0.0 0.0
24.8 0.9889630104896732 9.43188802022555 3.451089902200314 1.0 0.0 0.0 0.0
25.0 3.6765130878830217 8.49347870190377 5.383882808624354 1.0 0.0 0.0 0.0
25.2 1.2183030879002286 8.774966022939736 4.90389635049661 1.0 0.0 0.0 0.0
25.4 3.518789153516945 10.251282395629353 4.768645431108107 1.0 0.0 0.0 0.0
25.6 1.722590841154096 10.270927569674798 3.681544182649734 1.0 0.0 0.0 0.0
25.8 3.2480591311603835 6.770078644791296 5.319359161174919 1.0 0.0 0.0 0.0
26.0 1.6953467334665189 7.117359835262379 4.637454113072615 1.0 0.0 0.0 0.0
26.2 2.0363180468697895 7.450271934075536 4.166138697485168 1.0 0.0 0.0 0.0
26.4 0.22128835671304437 8.456558304115486 4.847993748236343 1.0 0.0 0.0 0.0
26.6 0.8133243461063482 6.957015657956388 2.264887232264889 1.0 0.0 0.0 0.0
26.8 3.08886406725554 7.239522435736756 5.180855850469605 1.0 0.0 0.0 0.0
27.0 3.3553275275654544 10.021844836307872 3.0113998602391447 1.0 0.0 0.0 0.0
27.2 1.2049843253953791 10.0402671201806 4.473258042501373 1.0 0.0 0.0 0.0
27.4 0.6172140140405231 8.032755323131413 5.121965320980673 1.0 0.0 0.0 0.0
27.6 2.2329718854254708 7.856349559241401 3.9868452680125674 1.0 0.0 0.0 0.0
27.8 2.1767980593699967 9.806540464431711 5.120613616482839 1.0 0.0 0.0 0.0
28.0 0.1525597192493331 7.539678211221645 2.7094052287097536 1.0 0.0 0.0 0.0
28.2 1.9207936224522473 8.44559271421526 3.3981644727228932 1.0 0.0 0.0 0.0
28.4 0.0440186308676771 8.132799519705575 5.75308727894584 1.0 0.0 0.0 0.0
28.6 1.5742065048886569 10.096825535956473 3.691424687409242 1.0 0.0 0.0 0.0
28.8 1.2638242628000373 10.311293339123237 3.3732740536996966 1.0 0.0 0.0 0.0
29.0 0.8915148597269629 7.79873132697961 5.410015476885359 1.0 0.0 0.0 0.0
29.2 1.02546073718998 9.423239992247293 4.488197299117068 1.0 0.0 0.0 0.0
29.4 3.110162525086503 9.758324086172724 1.9640358586003548 1.0 0.0 0.0 0.0
29.6 3.540086427532401 9.573825952755213 4.002096045856568 1.0 0.0 0.0 0.0
29.8 2.026478993565525 10.895648189463031 3.0561003340910577 1.0 0.0 0.0 0.0
30.0 2.8599449740989034 7.818573116855237 2.5529451006465678 1.0 0.0 0.0 0.0
30.2 1.186455551702791 10.169618202181578 5.286127036343395 1.0 0.0 0.0 0.0
30.4 1.7227234329170198 9.607121843488711 3.692583270348992 1.0 0.0 0.0 0.0
30.6 2.809230323293768 7.856631089842461 3.3905972125261012 1.0 0.0 0.0 0.0
30.8 2.6642041394193168 9.640289179572012 4.704574375080231 1.0 0.0 0.0 0.0
31.0 1.2807572958712132 10.868130421807031 3.3503460263824802 1.0 0.0 0.0 0.0
31.2 -0.33136629850748633 11.016661733627577 3.0663940312817566 1.0 0.0 0.0 0.0
31.4 2.12714604110743 9.859990264778677 5.068886300947269 1.0 0.0 0.0 0.0
31.6 1.6634850520543192 9.815432906634262 4.875543522677237 1.0 0.0 0.0 0.0
31.8 1.6165824485978488 8.008761285513733 5.360038095852358 1.0 0.0 0.0 0.0
32.0 2.663973022102361 10.973238694451506 1.6470390302375963 1.0 0.0 0.0 0.0
32.2 1.1949781495861451 7.723134293982575 2.7868826028861937 1.0 0.0 0.0 0.0
32.4 2.7346683876395907 11.279553328576041 5.419844442599293 1.0 0.0 0.0 0.0
32.6 -0.4388799738290654 10.789764531179443 4.8243564057336545 1.0 0.0 0.0 0.0
32.8 2.082858814341499 10.371922052388875 3.3936803783270175 1.0 0.0 0.0 0.0
33.0 0.22848428395829323 10.71654956598351 4.1710867472581485 1.0 0.0 0.0 0.0
33.2 1.4279820992584087 11.093472262174078 5.1372881681448295 1.0 0.0 0.0 0.0
33.4 0.38683607055049585 10.936388540152812 3.7892541025215127 1.0 0.0 0.0 0.0
33.6 0.2728984316703573 8.445581055420462 4.542534042617378 1.0 0.0 0.0 0.0
33.8 0.45033017779402806 8.9498043686589 1.9545387140319423 1.0 0.0 0.0 0.0
34.0 1.6680414083902577 10.622024295892494 1.5914523628200294 1.0 0.0 0.0 0.0
34.2 1.810449242470682 9.870182330910708 4.67691995130155 1.0 0.0 0.0 0.0
34.4 2.6336356073102944 9.413553659322428 2.0339772429811287 1.0 0.0 0.0 0.0
34.6 3.225796079209198 9.640332048516191 4.880509403585329 1.0 0.0 0.0 0.0
34.8 3.279073817034037 9.657050036585845 1.7373413103394522 1.0 0.0 0.0 0.0
35.0 1.7137559115897707 8.700194185518477 4.740309967060888 1.0 0.0 0.0 0.0
35.2 0.38850104741001124 9.968940850460225 2.726507306320034 1.0 0.0 0.0 0.0
35.4 3.489023784571634 8.065730440004558 2.080782024544339 1.0 0.0 0.0 0.0
35.6 -0.16924165528476776 8.069146101374987 4.4448049873581175 1.0 0.0 0.0 0.0
35.8 1.5099523343571102 11.315992492346842 4.48805512347824 1.0 0.0 0.0 0.0
36.0 2.2597028171298827 7.949267789522359 1.8851341494360976 1.0 0.0 0.0 0.0
36.2 2.5148817051281007 8.83398909636486 4.3585055525747185 1.0 0.0 0.0 0.0
36.4 1.1053142466162726 8.731090436921498 5.230404172459538 1.0 0.0 0.0 0.0
36.6 1.7471631870241384 8.622321453372013 1.7792495381280062 1.0 0.0 0.0 0.0
36.8 0.8518534600664478 10.93895394526054 3.9222779950421733 1.0 0.0 0.0 0.0
37.0 -0.15995285628893452 10.916611955500894 4.428144228931275 1.0 0.0 0.0 0.0
37.2 2.916288256519585 11.821028038799328 5.245752553773601 1.0 0.0 0.0 0.0
37.4 1.3185267450068712 9.657391171174474 1.8304014665035195 1.0 0.0 0.0 0.0
37.6 1.3744361078403662 9.296815223081135 4.969722850429913 1.0 0.0 0.0 0.0
37.8 2.209092574078584 11.045213799942584 4.00186174966969 1.0 0.0 0.0 0.0
38.0 2.1943544369439234 11.45240592548929 3.4785609940839866 1.0 0.0 0.0 0.0
38.2 2.6939783369290122 10.789679452018126 5.025311485505032 1.0 0.0 0.0 0.0
38.4 3.5680030658776367 11.590894009291622 5.333858935164724 1.0 0.0 0.0 0.0
38.6 1.4618507712819877 8.068913614262982 1.6239226466015007 1.0 0.0 0.0 0.0
38.8 2.6724513388823468 9.352510785880224 3.697100783398139 1.0 0.0 0.0 0.0
39.0 3.5290503239469544 10.11605315818129 2.513193343882122 1.0 0.0 0.0 0.0
39.2 1.1986547278489272 8.14158526065064 3.338216176939987 1.0 0.0 0.0 0.0
39.4 1.4379055216706855 8.193224723421759 5.254534887541583 1.0 0.0 0.0 0.0
39.6 2.5387332798744175 10.40265028521559 2.8389234992156203 1.0 0.0 0.0 0.0
39.8 1.9546331923956841 10.817876918732491 4.290507004715823 1.0 0.0 0.0 0.0
40.0 1.0247305185299944 10.827732543448914 5.5212475364936076 1.0 0.0 0.0 0.0
40.2 4.151146298299096 8.35375455483517 5.024169500083019 1.0 0.0 0.0 0.0
40.4 4.033029455431192 9.290444263797607 2.862027867353678 1.0 0.0 0.0 0.0
40.6 3.400650980166361 10.132945044247318 1.8199634899489618 1.0 0.0 0.0 0.0
40.8 3.0985918699195167 9.08975177642337 5.3734665049538775 1.0 0.0 0.0 0.0
41.0 4.234856207592642 8.65380082563859 5.701270025504842 1.0 0.0 0.0 0.0
41.2 3.744054266571215 9.243845975432823 3.2673494382124533 1.0 0.0 0.0 0.0
41.4 1.1053382331644008 11.236715237932533 4.701536007663992 1.0 0.0 0.0 0.0
41.6 1.6408483424138325 10.966374199144724 6.030539024410617 1.0 0.0 0.0 0.0
41.8 2.984844229140384 9.861613165090063 4.246574993709114 1.0 0.0 0.0 0.0
42.0 1.517396721976235 8.5386180013925 4.17833136770237 1.0 0.0 0.0 0.0
42.2 3.2056363655820785 9.467989965179266 4.445081973662136 1.0 0.0 0.0 0.0
42.4 4.610956599271411 11.894058799285094 5.0129659454496664 1.0 0.0 0.0 0.0
42.6 2.9678152189496263 10.367017448257041 5.904930148993256 1.0 0.0 0.0 0.0
42.8 4.1699852334544545 9.903168753907874 3.677395930779177 1.0 0.0 0.0 0.0
43.0 4.222097411950322 9.750770816213189 6.145888763906562 1.0 0.0 0.0 0.0
43.2 4.341307844528075 10.558643016433043 6.226750871829262 1.0 0.0 0.0 0.0
43.4 2.3144475607803834 11.469552194388402 6.045218522476281 1.0 0.0 0.0 0.0
43.6 4.061098639627646 9.98122823336049 6.5340465384360975 1.0 0.0 0.0 0.0
43.8 1.1810537058868413 11.226522895998617 3.330445121590646 1.0 0.0 0.0 0.0
44.0 4.463663112548513 10.179162290534139 4.706703631795467 1.0 0.0 0.0 0.0
44.2 4.712505887296548 8.554730835860543 3.8190720435875036 1.0 0.0 0.0 0.0
44.4 2.987612561052554 11.738588168649265 3.8376751263227398 1.0 0.0 0.0 0.0
44.6 4.318333521355485 10.134908323548826 3.717881023525428 1.0 0.0 0.0 0.0
44.8 3.3225298467523476 9.227003522509165 6.720772953775457 1.0 0.0 0.0 0.0
45.0 3.8996782833094503 11.571122203420057 7.222492327163476 1.0 0.0 0.0 0.0
45.2 2.957579549272828 8.074711127773421 4.237915626343931 1.0 0.0 0.0 0.0
45.4 3.3888994191626853 8.182295216950884 7.2929272776548615 1.0 0.0 0.0 0.0
45.6 5.050843358440556 10.589209313521092 4.782837137079273 1.0 0.0 0.0 0.0
45.8 3.1830656304144593 8.453056398013247 5.775628998846242 1.0 0.0 0.0 0.0
46.0 4.181700679652442 11.651122469353902 6.562719509574206 1.0 0.0 0.0 0.0
46.2 4.232009427690818 11.719913364566919 6.281100229765164 1.0 0.0 0.0 0.0
46.4 3.030583736538315 10.711310727632933 4.276291247609011 1.0 0.0 0.0 0.0
46.6 2.59798063905394 8.401876053092424 3.858849117433392 1.0 0.0 0.0 0.0
46.8 1.481984155067881 11.00396082717476 6.7345436082095205 1.0 0.0 0.0 0.0
47.0 5.150456387012731 11.152764500961698 7.041812535670349 1.0 0.0 0.0 0.0
47.2 1.4491015801438714 8.81621830778761 5.688148581748258 1.0 0.0 0.0 0.0
47.4 2.8210450284650666 8.010453255579042 6.3264389958475356 1.0 0.0 0.0 0.0
47.6 2.2602078841600424 10.34371576656079 4.011242933601382 1.0 0.0 0.0 0.0
47.8 3.1451284711170917 11.425605295125278 4.565408198705404 1.0 0.0 0.0 0.0
48.0 1.9143630084217653 7.878200218995994 3.3173385719814057 1.0 0.0 0.0 0.0
48.2 4.530836791468188 8.44393613932506 5.713034327976249 1.0 0.0 0.0 0.0
48.4 3.8214075577728703 11.483729823124316 5.5913360113382 1.0 0.0 0.0 0.0
48.6 5.145191417488848 9.452985574853681 6.2048536384173545 1.0 0.0 0.0 0.0
48.8 5.530264791616206 11.207046980023614 3.8344710364451142 1.0 0.0 0.0 0.0
49.0 4.453689770816481 8.969862841924884 3.4224981143448803 1.0 0.0 0.0 0.0
49.2 2.803317164676903 9.410121537304475 3.252326746066192 1.0 0.0 0.0 0.0
49.4 4.035004139838555 8.092651069502562 4.925078738672459 1.0 0.0 0.0 0.0
49.6 4.221830190829653 8.562067803276188 5.906015411750301 1.0 0.0 0.0 0.0
49.8 5.442255129155221 10.49971424283209 4.514721298654605 1.0 0.0 0.0 0.0
50.0 2.1645234682199153 10.111261526255804 4.6372213902871575 1.0 0.0 0.0 0.0
50.2 5.27194295775233 9.370497575700648 5.069432529682276 1.0 0.0 0.0 0.0
50.4 3.0985728983019687 10.850615691814836 4.184343613325925 1.0 0.0 0.0 0.0
50.6 2.3717861860389835 8.27942985815668 6.1353522124747055 1.0 0.0 0.0 0.0
50.8 4.52223020172856 10.081744257899494 5.7791752087903845 1.0 0.0 0.0 0.0
51.0 2.2777447139438545 8.31613073890537 5.818423295195857 1.0 0.0 0.0 0.0
51.2 3.363815778224609 10.159549495027854 3.1527403964051954 1.0 0.0 0.0 0.0
51.4 2.6969356615324696 7.462632880940049 3.508210077401267 1.0 0.0 0.0 0.0
51.6 2.859848755682803 9.522304591521875 4.653344423487543 1.0 0.0 0.0 0.0
51.8 4.089441209654995 11.113562587341072 4.982810179072379 1.0 0.0 0.0 0.0
52.0 2.378047960513312 10.667101265728538 5.852906360904743 1.0 0.0 0.0 0.0
52.2 1.9580161467525068 10.463603024096205 2.5624576931130774 1.0 0.0 0.0 0.0
52.4 1.821675561533358 11.090002911248991 5.84728449042958 1.0 0.0 0.0 0.0
52.6 3.5546767717316303 9.724890153380159 3.340736059597237 1.0 0.0 0.0 0.0
52.8 1.8360194061329254 8.609851673022156 2.969886633084646 1.0 0.0 0.0 0.0
53.0 2.791691410737867 8.427565984054691 5.893174517337176 1.0 0.0 0.0 0.0
53.2 3.1870989361351345 8.85822584098043 5.528425227770425 1.0 0.0 0.0 0.0
53.4 3.856699981502137 10.593276137725613 3.9796638774542084 1.0 0.0 0.0 0.0
53.6 4.466728908184746 8.550605979981354 3.4462206367223764 1.0 0.0 0.0 0.0
53.8 2.0969057208234165 8.690041901547097 5.42615569661208 1.0 0.0 0.0 0.0
54.0 2.476520663379887 7.556610465353698 3.8096894063765125 1.0 0.0 0.0 0.0
54.2 2.3425950263708053 7.8134660359612 2.7674512728212797 1.0 0.0 0.0 0.0
54.4 3.5740906389281824 7.9316694706684086 5.848970509886085 1.0 0.0 0.0 0.0
54.6 3.8560477195447653 10.441205779356249 3.016722289613158 1.0 0.0 0.0 0.0
54.8 0.6203666010136484 7.6701411951468295 4.588191897929888 1.0 0.0 0.0 0.0
55.0 1.9880049264023922 9.137943235174232 3.8537208265776144 1.0 0.0 0.0 0.0
55.2 3.81204011838018 7.536827077104757 5.713494281378734 1.0 0.0 0.0 0.0
55.4 3.1429667707719062 8.356713544997804 2.8689483824297497 1.0 0.0 0.0 0.0
55.6 0.6704323734424849 7.130055173200082 3.1801369045830796 1.0 0.0 0.0 0.0
55.8 1.703531934489844 6.552256666524883 3.9677750976091053 1.0 0.0 0.0 0.0
56.0 1.559073368912144 6.949903082616316 4.490731409642816 1.0 0.0 0.0 0.0
56.2 1.7820834608333045 8.796144525884626 5.018390302079943 1.0 0.0 0.0 0.0
56.4 2.005738210247987 8.949791112005432 2.295664633226739 1.0 0.0 0.0 0.0
56.6 0.5763474268467093 9.120839641268667 2.0928371303852646 1.0 0.0 0.0 0.0
56.8 1.5268820224480817 7.272021988010259 5.152625923420462 1.0 0.0 0.0 0.0
57.0 3.4893264589661364 9.510300811093717 3.76261585493703 1.0 0.0 0.0 0.0
57.2 0.8890609102148441 8.86262741145709 3.4699876658629805 1.0 0.0 0.0 0.0
57.4 3.2015465648311103 8.354797811401227 4.545857869708127 1.0 0.0 0.0 0.0
57.6 1.045980733952005 7.681901938897571 4.9632021645723885 1.0 0.0 0.0 0.0
57.8 0.7142078682894817 6.805707040805016 3.2562280890288626 1.0 0.0 0.0 0.0
58.0 -0.05499756145832935 6.367602624587821 5.47301804903895 1.0 0.0 0.0 0.0
58.2 0.28034256860864293 6.234116148254737 5.3286044291110635 1.0 0.0 0.0 0.0
58.4 -0.6482381284054575 5.517257233012722 2.8356968813450525 1.0 0.0 0.0 0.0
58.6 2.112741124973703 9.225199623787677 4.885202980520214 1.0 0.0 0.0 0.0
58.8 1.8430679833548225 7.327780302384571 4.135876995293904 1.0 0.0 0.0 0.0
59.0 -0.7624359258484361 6.805923185713327 2.8473606488658643 1.0 0.0 0.0 0.0
59.2 2.7709913778593283 8.148934378045869 4.765813490891551 1.0 0.0 0.0 0.0
59.4 -0.35183467919217826 6.843960334770237 3.106802274774667 1.0 0.0 0.0 0.0
59.6 -1.0179794157878654 6.89203650047406 4.848172414841329 1.0 0.0 0.0 0.0
59.8 -0.8854580607265654 8.158233983582214 2.7002464794191408 1.0 0.0 0.0 0.0
60.0 2.0354054358154325 7.840699919956144 3.331769976122473 1.0 0.0 0.0 0.0
60.2 1.5943986289202026 7.768406784337062 3.763533606946723 1.0 0.0 0.0 0.0
60.4 2.0443633139780086 5.256500316248189 2.7046725548515766 1.0 0.0 0.0 0.0
60.6 -0.48141735092019644 6.9524734944597135 3.7915085403067437 1.0 0.0 0.0 0.0
60.8 0.6753016283151605 5.7113796294482775 4.553874044171538 1.0 0.0 0.0 0.0
61.0 -0.472215437369675 5.348458753940369 2.7397306168280373 1.0 0.0 0.0 0.0
61.2 -1.2777102016998145 5.941934388544869 4.2790451281740705 1.0 0.0 0.0 0.0
61.4 -0.6405663714553134 8.131213538513624 4.662087178487742 1.0 0.0 0.0 0.0
61.6 -1.1371304448671093 7.1092272817033795 3.3411138237738163 1.0 0.0 0.0 0.0
61.8 -0.18366931058353542 8.187007121884166 2.2876070432030264 1.0 0.0 0.0 0.0
62.0 0.6576692551418897 6.088163718335068 4.9513738565602825 1.0 0.0 0.0 0.0
62.2 0.22766956150741757 5.959277080237159 4.8466100499645375 1.0 0.0 0.0 0.0
62.4 -1.2518918476706502 7.02828069162204 3.5456013839233727 1.0 0.0 0.0 0.0
62.6 -1.69762467809635 6.125580184665626 5.14548117002915 1.0 0.0 0.0 0.0
62.8 -0.2319940073216249 4.362497058132819 2.837349399769934 1.0 0.0 0.0 0.0
63.0 -1.7222697121317494 4.335791736513993 1.9119763209993312 1.0 0.0 0.0 0.0
63.2 1.0952995636656073 8.058544830354068 2.43761934631911 1.0 0.0 0.0 0.0
63.4 1.697843665136452 7.758043049952317 1.9683689887459486 1.0 0.0 0.0 0.0
63.6 -0.14502109508229255 5.919602433301803 2.437178991795003 1.0 0.0 0.0 0.0
63.8 0.7154553851329899 6.66042639713001 4.627961362270796 1.0 0.0 0.0 0.0
64.0 -1.7469251926679488 7.849430276869995 2.4147105704148295 1.0 0.0 0.0 0.0
64.2 1.576940414112126 5.8082246658298855 1.772062180928795 1.0 0.0 0.0 0.0
64.4 -0.8075398638477416 5.665106562490086 1.6465762937355053 1.0 0.0 0.0 0.0
64.6 0.5046190417537906 6.692233269550739 5.224389373861227 1.0 0.0 0.0 0.0
64.8 -1.356172378911619 6.906518500160258 4.778777280133408 1.0 0.0 0.0 0.0
65.0 -1.3945104574011893 4.824673069510103 4.442170972860146 1.0 0.0 0.0 0.0
65.2 -0.8845964592550941 5.8803293019861576 1.8456227596038146 1.0 0.0 0.0 0.0
65.4 0.40242665993826243 7.026107876664295 3.727289486874385 1.0 0.0 0.0 0.0
65.6 0.045077706613641855 4.355077477818135 2.734139008794873 1.0 0.0 0.0 0.0
65.8 -1.3603267365302245 4.8127534068997395 1.68753016753287 1.0 0.0 0.0 0.0
66.0 0.2053347604433875 5.537674200265627 2.992125356358109 1.0 0.0 0.0 0.0
66.2 0.02259151559152084 6.807894654754094 2.9534530222132673 1.0 0.0 0.0 0.0
66.4 1.3438265188799594 4.951067723275198 1.5946891049371206 1.0 0.0 0.0 0.0
66.6 -2.1397356928390403 5.465766641537536 2.260387622775614 1.0 0.0 0.0 0.0
66.8 -0.13173122039953977 4.276069518220232 1.2333763339834665 1.0 0.0 0.0 0.0
67.0 0.2542894781801128 3.5678555022121614 4.802899035382377 1.0 0.0 0.0 0.0
67.2 1.382136263430512 3.6661154589326133 4.602605172285964 1.0 0.0 0.0 0.0
67.4 -1.8145019501766915 4.198929124427718 3.900258991276054 1.0 0.0 0.0 0.0
67.6 1.0348795774235207 4.3982269375883885 4.142967819576956 1.0 0.0 0.0 0.0
67.8 -0.8924465655219831 6.634606138182544 4.062812024162602 1.0 0.0 0.0 0.0
68.0 -1.1755614107612877 2.9392963469993774 4.889865546542798 1.0 0.0 0.0 0.0
68.2 -0.0844216476885129 2.902655630065343 3.2445133501046755 1.0 0.0 0.0 0.0
68.4 0.03924083951141144 5.443231741426313 3.3882664599200876 1.0 0.0 0.0 0.0
68.6 1.4302866714854288 5.301010299362556 0.928882321485077 1.0 0.0 0.0 0.0
68.8 0.4746974487493558 3.9167798808163603 1.6380307609857163 1.0 0.0 0.0 0.0
69.0 0.47347819101266175 4.850471531325942 2.3367829565308256 1.0 0.0 0.0 0.0
69.2 -0.33490834792520063 5.571610364174203 3.1779790532114998 1.0 0.0 0.0 0.0
69.4 -1.1391894577908683 2.5951507542311045 3.0514527095277746 1.0 0.0 0.0 0.0
69.6 0.38179722957562356 2.699833575603737 2.7483118808569786 1.0 0.0 0.0 0.0
69.8 2.100144643918407 4.814630585364943 3.1330094674551 1.0 0.0 0.0 0.0
70.0 -1.4345152920690567 3.222956391565427 2.1367075801870303 1.0 0.0 0.0 0.0
70.2 1.1030192004855488 3.3701074404425952 1.4289419860623291 1.0 0.0 0.0 0.0
70.4 -0.213849081016515 4.318348866445531 1.1244425763733172 1.0 0.0 0.0 0.0
70.6 1.3471177584387308 4.509966867394805 4.393502200431881 1.0 0.0 0.0 0.0
70.8 1.9906727712440397 4.981802694933917 3.23255551526986 1.0 0.0 0.0 0.0
71.0 1.1657755539917094 2.3346577562266724 4.6538749038916425 1.0 0.0 0.0 0.0
71.2 -0.6188896312393877 4.530878484816748 2.137928077634709 1.0 0.0 0.0 0.0
71.4 0.1521248292453743 4.803927501733029 2.8588024317722702 1.0 0.0 0.0 0.0
71.6 1.592317975023244 4.195303364491746 4.2189128246222145 1.0 0.0 0.0 0.0
71.8 1.0177305537157837 1.477211827450275 2.1029449263922686 1.0 0.0 0.0 0.0
72.0 1.918604309017331 3.959965084093401 0.9057851074610124 1.0 0.0 0.0 0.0
72.2 -0.8023893653461829 2.7715077257659306 1.9164464999799056 1.0 0.0 0.0 0.0
72.4 1.5797440633742919 2.559778962105777 4.194738644488135 1.0 0.0 0.0 0.0
72.6 0.20169892403635048 2.4515826741611644 1.8872663498440856 1.0 0.0 0.0 0.0
72.8 2.4022461857407267 2.098972976245614 2.4492052621237477 1.0 0.0 0.0 0.0
73.0 0.38607150709743454 4.660375703961867 1.1096071639611984 1.0 0.0 0.0 0.0
73.2 -0.23731957745154997 3.013343645326035 4.2156413387063525 1.0 0.0 0.0 0.0
73.4 2.555913998575263 1.8024023367191688 2.1169381397005154 1.0 0.0 0.0 0.0
73.6 0.9739866029002022 1.0980693648150273 3.832537413583066 1.0 0.0 0.0 0.0
73.8 -0.16344382059522866 4.1412306083603045 2.1007232974091377 1.0 0.0 0.0 0.0
74.0 3.2081042189467466 3.185918830338549 2.410232128850886 1.0 0.0 0.0 0.0
74.2 2.0156851381673686 2.3671366861961953 0.8000586695772061 1.0 0.0 0.0 0.0
74.4 1.4307550873067525 3.3699802987480645 2.232914284407725 1.0 0.0 0.0 0.0
74.6 3.6821675609195648 4.389526121907929 3.6507942801193227 1.0 0.0 0.0 0.0
74.8 1.3539972009425947 1.2778793182277126 0.946447516737134 1.0 0.0 0.0 0.0
75.0 2.289942886230091 0.9531627047467972 1.0960370386555889 1.0 0.0 0.0 0.0
75.2 1.416801911211417 2.0289939736657683 0.5552690140875045 1.0 0.0 0.0 0.0
75.4 3.0382359023496885 2.230846254611497 2.1516099719675186 1.0 0.0 0.0 0.0
75.6 0.8553386601382291 0.532976318291245 3.1093794605662977 1.0 0.0 0.0 0.0
75.8 0.8889605870174955 2.639556150695534 2.9314669545319374 1.0 0.0 0.0 0.0
76.0 3.8388453886590987 0.7917297447886731 1.8561485970407712 1.0 0.0 0.0 0.0
76.2 1.119014397615278 3.228259119654399 1.103493260595084 1.0 0.0 0.0 0.0
76.4 4.436510506560763 1.5879811367586916 2.536048119801764 1.0 0.0 0.0 0.0
76.6 2.705124698569076 2.14660632381028 3.434488490903502 1.0 0.0 0.0 0.0
76.8 2.749769366720429 0.6902069941101576 2.82675117570324 1.0 0.0 0.0 0.0
77.0 2.1214263609810295 2.2191260745094707 2.847138354956761 1.0 0.0 0.0 0.0
77.2 1.8707033488149492 3.462157478669459 1.8140354071436944 1.0 0.0 0.0 0.0
77.4 2.8548022793442716 0.6683894947609867 0.46563323499290066 1.0 0.0 0.0 0.0
77.6 4.810695260635679 2.224446337765195 0.13880818781134963 1.0 0.0 0.0 0.0
77.8 4.544579440343084 1.9813020336784088 2.7785882227549763 1.0 0.0 0.0 0.0
78.0 2.3707096250483453 1.9800210853687141 3.744421088880932 1.0 0.0 0.0 0.0
78.2 5.171776068650358 -0.21246273960439632 1.3090159643875925 1.0 0.0 0.0 0.0
78.4 4.193806565471777 0.6102016163129567 1.40905861975755 1.0 0.0 0.0 0.0
78.6 1.797689266000392 -0.3864344496989558 2.6217870066263913 1.0 0.0 0.0 0.0
78.8 2.545424018626237 2.760199140517331 0.995457574312629 1.0 0.0 0.0 0.0
79.0 2.603831313332016 2.963716752463947 1.7643688843074705 1.0 0.0 0.0 0.0
79.2 3.3671967591274985 1.1467864957305514 -0.0903916445742694 1.0 0.0 0.0 0.0
79.4 2.888967073406537 0.13395964602545485 0.6965229357948148 1.0 0.0 0.0 0.0
79.6 4.651562898957419 0.3439775020740967 2.564497757224218 1.0 0.0 0.0 0.0
79.8 3.088714410915477 2.398788666472977 -0.02989473504499962 1.0 0.0 0.0 0.0
80.0 3.659883732297544 0.3780638863533423 2.6022650545820447 1.0 0.0 0.0 0.0
80.2 4.616854549042474 -0.43202521017581885 1.1882496326066199 1.0 0.0 0.0 0.0
80.4 2.754172223506135 1.0598134805458526 3.622752856596936 1.0 0.0 0.0 0.0
80.6 2.792783036928297 -0.34871972952498087 0.8216474820918003 1.0 0.0 0.0 0.0
80.8 6.113190590455126 -0.9233122322781497 2.0067390313950924 1.0 0.0 0.0 0.0
81.0 4.255785004276138 -0.3542397681167291 2.0787568538685397 1.0 0.0 0.0 0.0
81.2 5.124574668009375 1.720793175305198 3.323279416375388 1.0 0.0 0.0 0.0
81.4 4.457847620738621 0.3475335933067174 0.49581410126734626 1.0 0.0 0.0 0.0
81.6 6.154880045699626 0.8680247562176611 2.7197374635180642 1.0 0.0 0.0 0.0
81.8 3.656250337934293 1.0346760959128458 0.4153152811486751 1.0 0.0 0.0 0.0
82.0 6.615652804023206 2.0560529878125546 1.0328315444990266 1.0 0.0 0.0 0.0
82.2 3.21060162581238 2.7951917851954295 2.9654675923943685 1.0 0.0 0.0 0.0
82.4 5.8870768805074105 1.0861942802247322 0.8033193712989233 1.0 0.0 0.0 0.0
82.6 3.796562753046217 0.40037807361750843 0.6339511039250789 1.0 0.0 0.0 0.0
82.8 6.16523709585768 0.9389583800970218 0.3139198946938899 1.0 0.0 0.0 0.0
83.0 5.490019181416317 0.8992285742472998 0.923565987370679 1.0 0.0 0.0 0.0
83.2 6.338856308267911 -0.8223008372200304 2.313309076230615 1.0 0.0 0.0 0.0
83.4 6.264496936441445 -0.2627667370247355 0.2268159270530723 1.0 0.0 0.0 0.0
83.6 5.6525733324747245 1.572140579859187 2.1373784953025226 1.0 0.0 0.0 0.0
83.8 5.006155126713853 -0.6964209357028173 0.01934187024819245 1.0 0.0 0.0 0.0
84.0 6.00469273435532 1.7056169649311221 2.8560367481751854 1.0 0.0 0.0 0.0
84.2 5.039416533537878 0.11661400119092358 1.6831309420181704 1.0 0.0 0.0 0.0
84.4 6.125039586718046 0.6181331145834945 1.5083520349172703 1.0 0.0 0.0 0.0
84.6 3.9260572488458187 0.07046309895119673 0.7081482068578437 1.0 0.0 0.0 0.0
84.8 5.972251403347126 2.0723557626332134 -0.4038190588014472 1.0 0.0 0.0 0.0
85.0 5.410162046841506 0.08286465829356215 3.19227737518034 1.0 0.0 0.0 0.0
85.2 6.601960745895454 2.216438241306088 0.9613877181139059 1.0 0.0 0.0 0.0
85.4 4.0081862468786715 -0.36627066685452236 0.02955432414996073 1.0 0.0 0.0 0.0
85.6 5.652620373619161 -0.5053866275156236 0.9058349692064853 1.0 0.0 0.0 0.0
85.8 5.09410528139087 1.2388498169721398 1.9246143045830157 1.0 0.0 0.0 0.0
86.0 7.028933507070587 2.0889675120222657 -0.149016004719988 1.0 0.0 0.0 0.0
86.2 4.992130760477471 1.3010232747229864 0.7740784366848086 1.0 0.0 0.0 0.0
86.4 6.858565004433352 -0.9430066586405648 0.4679226085495629 1.0 0.0 0.0 0.0
86.6 3.572795463361116 1.2331430946973763 0.7231035577731926 1.0 0.0 0.0 0.0
86.8 7.005435434430751 -1.4541460462193334 1.7253012178560456 1.0 0.0 0.0 0.0
87.0 6.639327597033933 -1.2668939474804426 2.9980721824094125 1.0 0.0 0.0 0.0
87.2 4.38527657052907 -0.6305309925002591 1.492089207823938 1.0 0.0 0.0 0.0
87.4 4.247133804721002 0.6399727284988241 3.5745931196072647 1.0 0.0 0.0 0.0
87.6 5.146762325889618 -0.6906362136778768 2.9831849433947752 1.0 0.0 0.0 0.0
87.8 7.126134723616946 -0.5464599050655501 0.9702814140718146 1.0 0.0 0.0 0.0
88.0 5.172902768008996 0.48549309389366435 2.126968989105997 1.0 0.0 0.0 0.0
88.2 5.671971439981601 -0.6338463644110526 0.29915830079362715 1.0 0.0 0.0 0.0
88.4 7.382184037068319 -1.274941055640204 2.073682588955611 1.0 0.0 0.0 0.0
88.6 5.884678663348353 1.4744475748089005 4.058574855577498 1.0 0.0 0.0 0.0
88.8 6.786351481732964 -1.3822170163476208 2.3605240106011323 1.0 0.0 0.0 0.0
89.0 5.701093826368291 -1.2694049493762254 3.211752520842465 1.0 0.0 0.0 0.0
89.2 7.122655139119928 -1.131628368250122 1.0838263545690707 1.0 0.0 0.0 0.0
89.4 4.558989923378249 2.0826346352545784 3.7630890006826014 1.0 0.0 0.0 0.0
89.6 3.9683321617690135 1.0591972826067635 2.8440678641178216 1.0 0.0 0.0 0.0
89.8 4.40515189267575 1.844578796588753 3.3950465468986923 1.0 0.0 0.0 0.0
90.0 3.9986791377250785 -0.061195424244458785 1.351845558026716 1.0 0.0 0.0 0.0
90.2 3.9968187442631535 1.1979737610098335 1.5970951676554015 1.0 0.0 0.0 0.0
90.4 5.643992651143158 1.096177245163716 2.0809949244943375 1.0 0.0 0.0 0.0
90.6 6.159500083528874 -1.30949743662373 2.704911613303935 1.0 0.0 0.0 0.0
90.8 3.993870200621261 0.5841427659799248 1.260992920091975 1.0 0.0 0.0 0.0
91.0 6.551139674400611 1.47012117557417 1.2835253839708174 1.0 0.0 0.0 0.0
91.2 5.664696241727534 -1.1120010542180303 2.3743191809760704 1.0 0.0 0.0 0.0
91.4 6.889348445827595 -0.3221437297361094 4.112376177620462 1.0 0.0 0.0 0.0
91.6 3.5849974909449687 0.9449795366853238 0.6470634753520286 1.0 0.0 0.0 0.0
91.8 4.985827553709461 0.23972490061122365 1.6001835394435346 1.0 0.0 0.0 0.0
92.0 5.320903969577564 0.17345426662549857 1.1361657271595278 1.0 0.0 0.0 0.0
92.2 4.166966510291816 1.3849719775810754 1.3470195618096863 1.0 0.0 0.0 0.0
92.4 3.608232469509023 -0.7057194328788694 4.255070590361225 1.0 0.0 0.0 0.0
92.6 4.4788905691884935 0.5134111069784231 2.636373418866963 1.0 0.0 0.0 0.0
92.8 4.701929411579696 1.728642218244656 1.373638884595803 1.0 0.0 0.0 0.0
93.0 4.3497890746833665 2.712648275280313 4.117885292307303 1.0 0.0 0.0 0.0
93.2 6.286506914005601 0.94321239817587 3.095149771974892 1.0 0.0 0.0 0.0
93.4 4.281944580181452 2.568168354582074 3.338375479851919 1.0 0.0 0.0 0.0
93.6 4.093179493172134 -1.0715002512372593 3.0000584226107145 1.0 0.0 0.0 0.0
93.8 6.44744669101266 2.0584753481929363 3.807362971053056 1.0 0.0 0.0 0.0
94.0 6.031793658492557 1.3633899125944997 1.9148423717137826 1.0 0.0 0.0 0.0
94.2 5.890577296414215 0.06275255913660116 1.944650157704392 1.0 0.0 0.0 0.0
94.4 5.398813105990008 2.4338257933979444 4.052591118965841 1.0 0.0 0.0 0.0
94.6 3.222708719030492 -0.04301877320684344 3.563293333479642 1.0 0.0 0.0 0.0
94.8 3.1425406981712687 0.5681131994855191 3.051884288226189 1.0 0.0 0.0 0.0
95.0 6.464178036152415 0.17642409975960938 2.7127752414285595 1.0 0.0 0.0 0.0
95.2 4.5037718224903625 0.33598977070814984 3.616086789385358 1.0 0.0 0.0 0.0
95.4 6.4752597314049645 -0.33062273363427774 3.3183264271021926 1.0 0.0 0.0 0.0
95.6 2.8851527034754962 1.2055791948403427 1.6733067517350735 1.0 0.0 0.0 0.0
95.8 3.4793196025170676 1.9128323542439016 4.033044443970888 1.0 0.0 0.0 0.0
96.0 4.994528411186089 1.3851016287789735 1.222415033754174 1.0 0.0 0.0 0.0
96.2 5.093473780792874 0.9215568801522109 3.943015142234418 1.0 0.0 0.0 0.0
96.4 4.694493315098082 0.6892445752808358 4.388540902076997 1.0 0.0 0.0 0.0
96.6 5.871816298848169 2.7046526482527824 2.872899342243697 1.0 0.0 0.0 0.0
96.8 5.838076822269132 0.704783584468458 3.203292026061902 1.0 0.0 0.0 0.0
97.0 4.236990781360426 0.2972807402026634 0.6523864443806113 1.0 0.0 0.0 0.0
97.2 4.09941223445769 1.953524671530694 4.105024832283812 1.0 0.0 0.0 0.0
97.4 6.114345880023828 3.1209064646701137 3.5581011096381454 1.0 0.0 0.0 0.0
97.6 2.9281166146097437 1.7744463122928646 1.032142427025831 1.0 0.0 0.0 0.0
97.8 4.152214884679651 0.8859048502183815 2.4387977256265945 1.0 0.0 0.0 0.0
98.0 2.732377854171215 2.334500905109162 2.097620721876515 1.0 0.0 0.0 0.0
98.2 5.545370419387041 0.2358970252723518 1.7903824500758434 1.0 0.0 0.0 0.0
98.4 2.7009014466541172 1.0612835770477558 2.718269283406965 1.0 0.0 0.0 0.0
98.6 5.2536361931880124 1.5475010862252323 3.86000348760062 1.0 0.0 0.0 0.0
98.8 5.135414571275856 1.0733279818255652 2.782633705460883 1.0 0.0 0.0 0.0
99.0 5.358136571513512 0.6426974838979862 3.152507678778294 1.0 0.0 0.0 0.0
99.2 3.6556760831924793 4.0820539834422505 1.739982629269452 1.0 0.0 0.0 0.0
99.4 2.77710739394872 2.112185898850818 2.6466240071813605 1.0 0.0 0.0 0.0
99.6 3.9365971636548576 0.5993400590092488 3.945554796178241 1.0 0.0 0.0 0.0
99.8 4.5735277310969575 0.9199615087512236 3.2200239635383223 1.0 0.0 0.0 0.0
100.0 2.175611882629436 1.4034632186240055 0.48952258317035424 1.0 0.0 0.0 0.0
100.2 3.1633677385877057 1.7529599401898128 4.162178213569246 1.0 0.0 0.0 0.0
100.4 4.56097764111039 3.457932277156182 4.021418942018261 1.0 0.0 0.0 0.0
100.6 2.626832322277698 0.8998256818080295 1.6862714966621644 1.0 0.0 0.0 0.0
100.8 3.9940525780471825 3.984087561773576 1.3258498762843742 1.0 0.0 0.0 0.0
101.0 3.727316111749561 2.728924064895873 0.3230433189240691 1.0 0.0 0.0 0.0
101.2 1.3889929480696832 4.1009026565238225 2.671287199071238 1.0 0.0 0.0 0.0
101.4 2.946353615040552 4.887167059299502 2.615211880752671 1.0 0.0 0.0 0.0
101.6 3.3041217424698752 4.091947242589914 3.7388386297964633 1.0 0.0 0.0 0.0
101.8 3.75246871144029 2.162575639858778 2.5693664112793337 1.0 0.0 0.0 0.0
102.0 1.5175134991317494 4.199731028449845 3.8985413019799102 1.0 0.0 0.0 0.0
102.2 3.170707291079469 2.7763135982842613 2.2876525860303474 1.0 0.0 0.0 0.0
102.4 1.2318714969355318 2.0416785854672677 3.1271323335595724 1.0 0.0 0.0 0.0
102.6 0.8265612002263518 1.4858213500019901 1.8672583826167681 1.0 0.0 0.0 0.0
102.8 4.12097340742519 4.041960185999953 3.972439897542733 1.0 0.0 0.0 0.0
103.0 2.3254697481223765 3.2747536315884584 0.6697544020701045 1.0 0.0 0.0 0.0
103.2 1.9557231942184052 2.5708070629468036 0.8323413782105038 1.0 0.0 0.0 0.0
103.4 3.404226657829633 4.872000735645964 2.34194241178444 1.0 0.0 0.0 0.0
103.6 2.100144741266436 1.8561173510057447 2.667115627221982 1.0 0.0 0.0 0.0
103.8 2.0543672992508553 1.0924460120713784 3.9897019796868474 1.0 0.0 0.0 0.0
104.0 0.6831371787154823 4.054448628183309 3.2975611809967003 1.0 0.0 0.0 0.0
104.2 0.505775980422229 4.403117029495826 2.282491853416074 1.0 0.0 0.0 0.0
104.4 0.9545742003642728 4.471072732212621 3.7248735894636678 1.0 0.0 0.0 0.0
104.6 3.11615557398758 0.8205997539744807 1.3576938883212737 1.0 0.0 0.0 0.0
104.8 1.4934153826873642 3.247670326515104 2.1548083333072405 1.0 0.0 0.0 0.0
105.0 3.6801431771494624 4.013138955939944 2.8534316929143255 1.0 0.0 0.0 0.0
105.2 1.999056742720366 0.1917759555324947 -0.03242706883150026 1.0 0.0 0.0 0.0
105.4 2.837586846383304 3.549808673388127 3.3456994715233765 1.0 0.0 0.0 0.0
105.6 1.423521363199908 3.8613612280100504 1.1925949067750632 1.0 0.0 0.0 0.0
105.8 1.4845736741806554 2.7810433793700398 -0.10879069579910539 1.0 0.0 0.0 0.0
106.0 0.1999751916677801 0.8477588775185323 1.474964172155111 1.0 0.0 0.0 0.0
106.2 -0.5286873951526756 2.556836666601747 0.1552604047610906 1.0 0.0 0.0 0.0
106.4 0.540934050992588 1.3465028575710565 2.9691655851084597 1.0 0.0 0.0 0.0
106.6 -0.4682518375527889 1.2147166952839243 1.0610647986166168 1.0 0.0 0.0 0.0
106.8 -0.10636035841840075 0.06265480089929243 3.224098214936191 1.0 0.0 0.0 0.0
107.0 2.156995707582867 0.8525855477229687 3.4500482791837754 1.0 0.0 0.0 0.0
107.2 2.560886582655365 1.5325898942305427 0.09419515878605678 1.0 0.0 0.0 0.0
107.4 0.9301636167817344 1.2246252745405921 1.6856572806657928 1.0 0.0 0.0 0.0
107.6 3.010133458246125 0.437042487231019 2.9923409391668834 1.0 0.0 0.0 0.0
107.8 1.013631106947011 1.2505324458335751 0.17031436065815964 1.0 0.0 0.0 0.0
108.0 1.683659855500112 -0.20160320381352204 2.228603555006579 1.0 0.0 0.0 0.0
108.2 0.8549021748933057 0.0756107292852497 0.492154207049357 1.0 0.0 0.0 0.0
108.4 -0.28073419025950885 2.922507211627744 0.6541678010778038 1.0 0.0 0.0 0.0
108.6 2.768628986814864 0.9602589628310279 0.29073160569558043 1.0 0.0 0.0 0.0
108.8 -0.6268530719237759 -0.2694354605256595 3.043377644771997 1.0 0.0 0.0 0.0
109.0 2.056291262646628 2.3121131827667902 0.13600233716983245 1.0 0.0 0.0 0.0
109.2 2.405516233268547 1.4879590175740014 3.8655680400002606 1.0 0.0 0.0 0.0
109.4 -0.5023525173912966 2.323258135623176 3.018876229810293 1.0 0.0 0.0 0.0
109.6 -0.5137360659468491 0.048781294796238495 0.6185082815685279 1.0 0.0 0.0 0.0
109.8 1.9369362085506046 0.9405198834395341 0.5075750425020771 1.0 0.0 0.0 0.0
110.0 2.285179801660785 2.3131894911385 2.7362934143841944 1.0 0.0 0.0 0.0
110.2 0.03872206491368235 1.3338594367246528 1.7188833418522709 1.0 0.0 0.0 0.0
110.4 2.273409807047126 0.4288502166524597 0.667086433702035 1.0 0.0 0.0 0.0
110.6 1.5586999765462504 2.289886870125592 2.8125629589887176 1.0 0.0 0.0 0.0
110.8 -0.6999859226949376 0.3573249341395255 0.6191440374857424 1.0 0.0 0.0 0.0
111.0 -0.5533413803825926 1.1990740009438268 1.9711576123675068 1.0 0.0 0.0 0.0
111.2 1.3562849509729684 -0.002532024986714898 0.5619778442958951 1.0 0.0 0.0 0.0
111.4 -0.6741505920573685 -0.569675056595687 1.706336270613174 1.0 0.0 0.0 0.0
111.6 2.0539414930269757 0.5806723245409691 0.40095777540923727 1.0 0.0 0.0 0.0
111.8 2.4593176218546073 -0.6200537151536203 1.3445280890045042 1.0 0.0 0.0 0.0
112.0 0.68504673665998 1.4990572325300056 0.3192617034933143 1.0 0.0 0.0 0.0
112.2 2.1649034407400034 0.3363206791396163 2.6951712221492077 1.0 0.0 0.0 0.0
112.4 2.544081841282029 -1.9368365905907554 0.5379250515353502 1.0 0.0 0.0 0.0
112.6 0.1798148831501427 0.4206993311339442 3.63405893841397 1.0 0.0 0.0 0.0
112.8 -0.39657920899557686 1.2036152255686834 0.9604495666878616 1.0 0.0 0.0 0.0
113.0 1.6696134481475444 -0.1454439910627281 1.7782743510593466 1.0 0.0 0.0 0.0
113.2 2.970419130332635 1.0363134675233416 1.663841425509072 1.0 0.0 0.0 0.0
113.4 2.551356916304325 -2.4423923397689578 2.9161623729714243 1.0 0.0 0.0 0.0
113.6 1.8031294392164976 -2.2684062559433857 3.0642486959073043 1.0 0.0 0.0 0.0
113.8 0.3283456459554741 -1.9730121468077546 3.167604550109096 1.0 0.0 0.0 0.0
114.0 0.48511784702147454 -2.098956424909579 0.45983877088017566 1.0 0.0 0.0 0.0
114.2 2.159906564435225 -0.43791145066020487 1.7066776661060379 1.0 0.0 0.0 0.0
114.4 0.5626381995078229 -1.4200834704141272 3.6040531560110356 1.0 0.0 0.0 0.0
114.6 -0.22199217437107333 -2.108699029524901 1.6027190743402322 1.0 0.0 0.0 0.0
114.8 2.956088893624833 -1.8305952878892393 2.8039025672218667 1.0 0.0 0.0 0.0
115.0 1.251117995809886 -0.5610718705395632 3.536263963462954 1.0 0.0 0.0 0.0
115.2 2.26041311215058 -0.46399537995874773 0.5921213327629853 1.0 0.0 0.0 0.0
115.4 1.3303855776694942 -0.05596000322381789 3.0987931496406302 1.0 0.0 0.0 0.0
115.6 0.6572237402157572 0.5039951582017812 2.8506625045967517 1.0 0.0 0.0 0.0
115.8 0.36446663978201377 -1.6019826367959245 1.2435584213170578 1.0 0.0 0.0 0.0
116.0 0.36114798639693513 -0.6586591157057415 1.2806608735580425 1.0 0.0 0.0 0.0
116.2 3.125533667949381 -3.129713523490391 1.8322858994979883 1.0 0.0 0.0 0.0
116.4 2.015216418325343 -3.491667604546653 2.682989761578466 1.0 0.0 0.0 0.0
116.6 0.762301766753295 -2.882537125130454 0.6725432548402046 1.0 0.0 0.0 0.0
116.8 -0.1928642840867063 -0.4985191565832947 3.1601833283650276 1.0 0.0 0.0 0.0
117.0 3.2386977659999197 -3.385854587247172 4.010540221535284 1.0 0.0 0.0 0.0
117.2 3.1679356247701005 -0.6920236723682893 2.137487237014275 1.0 0.0 0.0 0.0
117.4 0.9629064248846486 -3.5116513096417123 3.24302037237506 1.0 0.0 0.0 0.0
117.6 0.6915065579516382 -1.5832713768078839 3.593943385606405 1.0 0.0 0.0 0.0
117.8 -0.3343309294224146 -3.7434494449585487 1.4439276168448458 1.0 0.0 0.0 0.0
118.0 2.8538470409472314 -0.7599416107815626 1.9802914627481294 1.0 0.0 0.0 0.0
118.2 -0.2619746533608427 -0.2086139757014216 3.2533232340000175 1.0 0.0 0.0 0.0
118.4 2.205485038827261 -2.0866863214018117 3.370529905887217 1.0 0.0 0.0 0.0
118.6 0.4187771255101729 -3.3233349444182023 1.7230939209812055 1.0 0.0 0.0 0.0
118.8 1.3859169843945596 -1.9012277179346597 4.228937004491488 1.0 0.0 0.0 0.0
119.0 1.0796529505913157 -2.7966703817367318 2.6982440041447813 1.0 0.0 0.0 0.0
119.2 1.5932857772705629 -3.5098659907842764 2.937687006759333 1.0 0.0 0.0 0.0
119.4 2.4509486911143608 -3.0471652609225837 4.289106964541615 1.0 0.0 0.0 0.0
119.6 3.4859892901789156 -1.198063616982311 1.710139697311384 1.0 0.0 0.0 0.0
119.8 0.7286649131879761 -3.214836452790017 1.8982885389307365 1.0 0.0 0.0 0.0
120.0 1.6223621378218103 -2.195116395448342 4.072139418967876 1.0 0.0 0.0 0.0
120.2 1.2890483530032912 -0.5333850896152397 4.540604789900788 1.0 0.0 0.0 0.0
120.4 2.210385269308735 -2.6331873167919015 3.0900743646852913 1.0 0.0 0.0 0.0
120.6 1.2291466047268353 -3.603954024689487 4.366858716763818 1.0 0.0 0.0 0.0
120.8 1.2165289380223783 -2.5833438788730785 0.9374961444728069 1.0 0.0 0.0 0.0
121.0 1.8333442115208523 -4.482227766730288 3.2451080946866355 1.0 0.0 0.0 0.0
121.2 0.5767981357992107 -2.98196878979851 2.9245013479124564 1.0 0.0 0.0 0.0
121.4 1.6700885941126633 -1.224122138303299 4.634254477238795 1.0 0.0 0.0 0.0
121.6 1.432861719530298 -0.8932106962451765 1.6031225349157041 1.0 0.0 0.0 0.0
121.8 3.5898408854233947 -2.6987072937514043 3.2372308122663327 1.0 0.0 0.0 0.0
122.0 0.9969599844566743 -4.468091332960191 1.6120388576763185 1.0 0.0 0.0 0.0
122.2 1.0649223879308916 -2.439346443243375 4.538816898425647 1.0 0.0 0.0 0.0
122.4 1.8740381503956396 -0.9154070146571538 1.6009185297783866 1.0 0.0 0.0 0.0
122.6 2.6106501791048 -3.2386876284065673 2.181604426666569 1.0 0.0 0.0 0.0
122.8 2.3442864941943924 -3.627776726194316 4.740658753231859 1.0 0.0 0.0 0.0
123.0 0.8012244725825681 -1.184901533279315 4.162658644728412 1.0 0.0 0.0 0.0
123.2 2.377292660845092 -1.0470460317857868 1.8972923426796822 1.0 0.0 0.0 0.0
123.4 1.4663860590526765 -1.5953593814975133 4.406416837207793 1.0 0.0 0.0 0.0
123.6 2.221263557647024 -3.5398368994178573 3.8551746821499213 1.0 0.0 0.0 0.0
123.8 1.4447476040046987 -0.5602909455837959 0.7781420264444909 1.0 0.0 0.0 0.0
124.0 3.3083796193576074 -1.2415005653490807 2.6341826102430117 1.0 0.0 0.0 0.0
124.2 3.4465800792004355 -0.8250993975144025 0.6647869929176129 1.0 0.0 0.0 0.0
124.4 0.693688145511675 -0.1708276177189143 3.266104398792307 1.0 0.0 0.0 0.0
124.6 3.8485553336131577 -1.2993503094918033 3.26005213014529 1.0 0.0 0.0 0.0
124.8 3.46457069521035 -2.1597031042399353 2.434146614826034 1.0 0.0 0.0 0.0
125.0 4.25111506147077 -1.442857553424894 2.2425651915142115 1.0 0.0 0.0 0.0
125.2 2.270465455027395 -1.953966754426431 0.6700464746325343 1.0 0.0 0.0 0.0
125.4 1.5323756135675 -2.868142321521264 1.024923242341623 1.0 0.0 0.0 0.0
125.6 2.531852672375578 -2.7101211958505576 2.0220169787491287 1.0 0.0 0.0 0.0
125.8 3.027351670053136 -0.48016305581280294 0.7343498234062262 1.0 0.0 0.0 0.0
126.0 2.328823931596851 -2.1029382963028964 4.203403233076584 1.0 0.0 0.0 0.0
126.2 4.007118786548431 -1.4997253385102027 1.2636821200581778 1.0 0.0 0.0 0.0
126.4 2.5958859076414367 -0.013018484783783535 2.3896021335966777 1.0 0.0 0.0 0.0
126.6 0.4561165190837815 -2.574549187910551 1.3546614462283748 1.0 0.0 0.0 0.0
126.8 1.818458290324986 -0.655884761406365 2.9965770876793894 1.0 0.0 0.0 0.0
127.0 3.624341869416658 -3.2323361930028187 2.23609290655007 1.0 0.0 0.0 0.0
127.2 4.319273621469641 -0.3778431004616798 4.107187952771057 1.0 0.0 0.0 0.0
127.4 1.5497576872773586 0.1258252127734556 1.5768650600290863 1.0 0.0 0.0 0.0
127.6 3.734955360262914 0.021701842067038513 1.035843325042202 1.0 0.0 0.0 0.0
127.8 3.5645485100261887 -0.4715538174953764 1.959076952069824 1.0 0.0 0.0 0.0
128.0 3.7378978284651474 -2.5416405206898927 0.7882522968954397 1.0 0.0 0.0 0.0
128.2 0.7643447964781558 -3.678332698353599 3.437470240196351 1.0 0.0 0.0 0.0
128.4 4.168407412434496 -1.130904544047227 2.889149704267571 1.0 0.0 0.0 0.0
128.6 2.365830732015117 -1.1385526063531812 2.787625077254411 1.0 0.0 0.0 0.0
128.8 2.3237912857747247 -2.229308934020116 0.6900808252752864 1.0 0.0 0.0 0.0
129.0 1.0018708822502775 -1.2312104548209621 2.6656610113959305 1.0 0.0 0.0 0.0
129.2 1.0104133497814916 -2.5143857972956245 3.3406725863295703 1.0 0.0 0.0 0.0
129.4 1.1318842275394219 -3.6671773712544327 0.8125600953407002 1.0 0.0 0.0 0.0
129.6 3.9123960464274594 -2.2301053092403684 3.0362659426947562 1.0 0.0 0.0 0.0
129.8 2.533946666948827 -3.324329894416589 1.7324094444271894 1.0 0.0 0.0 0.0
130.0 2.8931551333778547 -1.274557012774388 1.8433199613301685 1.0 0.0 0.0 0.0
130.2 0.5321364573742544 -0.7142885964529153 1.7647560808634641 1.0 0.0 0.0 0.0
130.4 3.9732729836859217 -3.5405611462650675 3.0793182455972348 1.0 0.0 0.0 0.0
130.6 2.834528031176678 -2.3882285921302073 3.5269911300593524 1.0 0.0 0.0 0.0
130.8 3.2471425164302836 -1.1915422929898907 1.8209961200803555 1.0 0.0 0.0 0.0
131.0 1.6396159282105054 -1.3715306248436976 1.1539182692774186 1.0 0.0 0.0 0.0
131.2 2.4109907846059118 -2.0685271252708626 2.7229894341126446 1.0 0.0 0.0 0.0
131.4 0.44755330638897295 -1.3500365926006457 2.34640219202452 1.0 0.0 0.0 0.0
131.6 2.3832643319661253 -0.546378578525708 1.6066536377515201 1.0 0.0 0.0 0.0
131.8 3.6549288684314476 -1.711951761885906 3.5539049586165827 1.0 0.0 0.0 0.0
132.0 3.901377407785997 -1.684678385821257 4.454886663365624 1.0 0.0 0.0 0.0
132.2 1.39309509468801 -3.2071986812990385 1.7228200663028277 1.0 0.0 0.0 0.0
132.4 2.73504918434306 -0.6573987576139793 3.4611520419163693 1.0 0.0 0.0 0.0
132.6 1.9923943367938595 -3.6494527974035536 0.5370417817837252 1.0 0.0 0.0 0.0
132.8 -0.4787054718306867 -3.5656628447132146 4.4367457447298655 1.0 0.0 0.0 0.0
133.0 -0.07356491598775827 -3.3446619421590147 1.7869540353046438 1.0 0.0 0.0 0.0
