0.0 0.0625 -0.0625 0.125 1.0 0.0 0.0 0.0
0.2 0.0625 -0.0625 0.125 1.0 0.0 0.0 0.0
0.4 0.125 0.0 0.125 1.0 0.0 0.0 0.0
0.6000000000000001 0.125 0.0 0.125 1.0 0.0 0.0 0.0
0.8 0.375 0.0 0.125 1.0 0.0 0.0 0.0
1.0 0.375 0.0 0.125 1.0 0.0 0.0 0.0
1.2000000000000002 0.5625 0.0 0.125 1.0 0.0 0.0 0.0
1.4000000000000001 0.5625 0.0 0.125 1.0 0.0 0.0 0.0
1.6 0.625 0.0 0.125 1.0 0.0 0.0 0.0
1.8 0.625 0.0 0.125 1.0 0.0 0.0 0.0
2.0 0.875 0.0 0.125 1.0 0.0 0.0 0.0
2.2 0.875 0.0 0.125 1.0 0.0 0.0 0.0
2.4000000000000004 1.0625 0.0 0.125 1.0 0.0 0.0 0.0
2.6 1.0625 0.0 0.0625 1.0 0.0 0.0 0.0
2.8000000000000003 1.25 0.0 0.0625 1.0 0.0 0.0 0.0
3.0 1.3125 0.0 0.0625 1.0 0.0 0.0 0.0
3.2 1.3125 0.0 0.0625 1.0 0.0 0.0 0.0
3.4000000000000004 1.625 0.0 0.0625 1.0 0.0 0.0 0.0
3.6 1.625 0.0 0.0625 1.0 0.0 0.0 0.0
3.8000000000000003 1.625 0.0 0.0625 1.0 0.0 0.0 0.0
4.0 1.625 0.0 0.0625 1.0 0.0 0.0 0.0
4.2 1.625 0.0 0.0625 1.0 0.0 0.0 0.0
4.4 1.625 0.0 0.0625 1.0 0.0 0.0 0.0
4.6000000000000005 1.625 0.0 0.0625 1.0 0.0 0.0 0.0
4.800000000000001 1.625 0.0 0.0625 1.0 0.0 0.0 0.0
5.0 1.75 0.0 0.0625 1.0 0.0 0.0 0.0
5.2 1.8125 0.0 0.0625 1.0 0.0 0.0 0.0
5.4 1.875 0.0 0.0625 1.0 0.0 0.0 0.0
5.6000000000000005 1.875 0.0 0.0 1.0 0.0 0.0 0.0
5.800000000000001 2.0625 0.0 0.0 1.0 0.0 0.0 0.0
6.0 2.0625 0.0 0.0 1.0 0.0 0.0 0.0
6.2 2.75 0.0 -0.0625 1.0 0.0 0.0 0.0
6.4 2.75 0.0 -0.0625 1.0 0.0 0.0 0.0
6.6000000000000005 3.1875 0.0 -0.0625 1.0 0.0 0.0 0.0
6.800000000000001 3.1875 0.0 -0.0625 1.0 0.0 0.0 0.0
7.0 3.25 0.0 -0.125 1.0 0.0 0.0 0.0
7.2 3.3125 0.0625 -0.125 1.0 0.0 0.0 0.0
7.4 3.375 0.0625 -0.125 1.0 0.0 0.0 0.0
7.6000000000000005 3.375 0.0625 -0.125 1.0 0.0 0.0 0.0
7.800000000000001 3.375 0.0625 -0.125 1.0 0.0 0.0 0.0
8.0 3.375 0.0625 -0.125 1.0 0.0 0.0 0.0
8.200000000000001 3.375 0.0625 -0.1875 1.0 0.0 0.0 0.0
8.4 3.375 0.125 -0.1875 1.0 0.0 0.0 0.0
8.6 3.5625 0.125 -0.25 1.0 0.0 0.0 0.0
8.8 3.5625 0.125 -0.25 1.0 0.0 0.0 0.0
9.0 4.0 0.125 -0.3125 1.0 0.0 0.0 0.0
9.200000000000001 4.0 0.1875 -0.3125 1.0 0.0 0.0 0.0
9.4 4.25 0.3125 -0.375 1.0 0.0 0.0 0.0
9.600000000000001 4.25 0.3125 -0.375 1.0 0.0 0.0 0.0
9.8 4.4375 0.3125 -0.4375 1.0 0.0 0.0 0.0
10.0 4.4375 0.3125 -0.5 1.0 0.0 0.0 0.0
10.200000000000001 4.625 0.3125 -0.5625 1.0 0.0 0.0 0.0
10.4 4.625 0.3125 -0.5625 1.0 0.0 0.0 0.0
10.600000000000001 4.6875 0.3125 -0.625 1.0 0.0 0.0 0.0
10.8 4.6875 0.3125 -0.6875 1.0 0.0 0.0 0.0
11.0 4.6875 0.3125 -0.75 1.0 0.0 0.0 0.0
11.200000000000001 4.6875 0.3125 -0.8125 1.0 0.0 0.0 0.0
11.4 4.75 0.3125 -0.8125 1.0 0.0 0.0 0.0
11.600000000000001 4.75 0.3125 -0.875 1.0 0.0 0.0 0.0
11.8 4.8125 0.3125 -0.9375 1.0 0.0 0.0 0.0
12.0 4.8125 0.3125 -1.0 1.0 0.0 0.0 0.0
12.200000000000001 4.8125 0.3125 -1.0 1.0 0.0 0.0 0.0
12.4 4.8125 0.3125 -1.0 1.0 0.0 0.0 0.0
12.600000000000001 4.8125 0.3125 -1.125 1.0 0.0 0.0 0.0
12.8 4.875 0.3125 -1.1875 1.0 0.0 0.0 0.0
13.0 5.0625 0.3125 -1.3125 1.0 0.0 0.0 0.0
13.200000000000001 5.125 0.3125 -1.4375 1.0 0.0 0.0 0.0
13.4 5.125 0.375 -1.4375 1.0 0.0 0.0 0.0
13.600000000000001 5.125 0.375 -1.5625 1.0 0.0 0.0 0.0
13.8 5.1875 0.375 -1.625 1.0 0.0 0.0 0.0
14.0 5.25 0.4375 -1.6875 1.0 0.0 0.0 0.0
14.200000000000001 5.25 0.4375 -1.75 1.0 0.0 0.0 0.0
14.4 5.375 0.4375 -1.8125 1.0 0.0 0.0 0.0
14.600000000000001 5.375 0.5 -1.875 1.0 0.0 0.0 0.0
14.8 5.875 0.5 -1.875 1.0 0.0 0.0 0.0
15.0 6.0 0.5 -1.9375 1.0 0.0 0.0 0.0
15.200000000000001 6.0 0.5 -1.9375 1.0 0.0 0.0 0.0
15.4 6.4375 0.5 -2.0 1.0 0.0 0.0 0.0
15.600000000000001 6.4375 0.5 -2.0625 1.0 0.0 0.0 0.0
15.8 6.6875 0.5625 -2.0625 1.0 0.0 0.0 0.0
16.0 6.75 0.5625 -2.0625 1.0 0.0 0.0 0.0
16.2 6.8125 0.5625 -2.125 1.0 0.0 0.0 0.0
16.400000000000002 6.8125 0.5625 -2.125 1.0 0.0 0.0 0.0
16.6 6.875 0.5625 -2.1875 1.0 0.0 0.0 0.0
16.8 6.875 0.625 -2.1875 1.0 0.0 0.0 0.0
17.0 6.875 0.625 -2.1875 1.0 0.0 0.0 0.0
17.2 6.875 0.625 -2.25 1.0 0.0 0.0 0.0
17.400000000000002 6.875 0.625 -2.25 1.0 0.0 0.0 0.0
17.6 6.9375 0.6875 -2.25 1.0 0.0 0.0 0.0
17.8 6.9375 0.6875 -2.25 1.0 0.0 0.0 0.0
18.0 6.9375 0.6875 -2.3125 1.0 0.0 0.0 0.0
18.2 6.9375 0.6875 -2.3125 1.0 0.0 0.0 0.0
18.400000000000002 7.25 0.75 -2.3125 1.0 0.0 0.0 0.0
18.6 7.25 0.75 -2.3125 1.0 0.0 0.0 0.0
18.8 7.3125 0.75 -2.3125 1.0 0.0 0.0 0.0
19.0 7.375 0.75 -2.3125 1.0 0.0 0.0 0.0
19.200000000000003 7.375 0.8125 -2.3125 1.0 0.0 0.0 0.0
19.400000000000002 7.375 0.8125 -2.3125 1.0 0.0 0.0 0.0
19.6 7.375 0.875 -2.3125 1.0 0.0 0.0 0.0
19.8 7.875 0.875 -2.3125 1.0 0.0 0.0 0.0
20.0 7.875 0.875 -2.3125 1.0 0.0 0.0 0.0
20.200000000000003 8.375 0.8125 -2.3125 1.0 0.0 0.0 0.0
20.400000000000002 8.5 0.9375 -2.3125 1.0 0.0 0.0 0.0
20.6 8.625 1.0 -2.375 1.0 0.0 0.0 0.0
20.8 8.625 1.1875 -2.375 1.0 0.0 0.0 0.0
21.0 8.75 1.1875 -2.375 1.0 0.0 0.0 0.0
21.200000000000003 8.875 1.1875 -2.375 1.0 0.0 0.0 0.0
21.400000000000002 8.875 1.25 -2.375 1.0 0.0 0.0 0.0
21.6 8.9375 1.25 -2.375 1.0 0.0 0.0 0.0
21.8 8.9375 1.3125 -2.4375 1.0 0.0 0.0 0.0
22.0 9.0 1.3125 -2.4375 1.0 0.0 0.0 0.0
22.200000000000003 9.0 1.375 -2.4375 1.0 0.0 0.0 0.0
22.400000000000002 9.0 1.375 -2.4375 1.0 0.0 0.0 0.0
22.6 9.0 1.375 -2.4375 1.0 0.0 0.0 0.0
22.8 9.0625 1.4375 -2.4375 1.0 0.0 0.0 0.0
23.0 9.0625 1.5 -2.4375 1.0 0.0 0.0 0.0
23.200000000000003 9.125 1.5 -2.5 1.0 0.0 0.0 0.0
23.400000000000002 9.125 1.5625 -2.5 1.0 0.0 0.0 0.0
23.6 9.125 1.5625 -2.5 1.0 0.0 0.0 0.0
23.8 9.1875 1.625 -2.625 1.0 0.0 0.0 0.0
24.0 9.1875 1.625 -2.875 1.0 0.0 0.0 0.0
24.200000000000003 9.1875 1.6875 -2.9375 1.0 0.0 0.0 0.0
24.400000000000002 9.1875 1.6875 -3.0 1.0 0.0 0.0 0.0
24.6 9.25 1.6875 -3.1875 1.0 0.0 0.0 0.0
24.8 9.25 1.75 -3.1875 1.0 0.0 0.0 0.0
25.0 9.3125 2.0625 -3.25 1.0 0.0 0.0 0.0
25.200000000000003 9.3125 2.0625 -3.25 1.0 0.0 0.0 0.0
25.400000000000002 9.3125 2.0625 -3.25 1.0 0.0 0.0 0.0
25.6 9.25 2.1875 -3.3125 1.0 0.0 0.0 0.0
25.8 9.1875 2.3125 -3.3125 1.0 0.0 0.0 0.0
26.0 9.1875 2.375 -3.375 1.0 0.0 0.0 0.0
26.200000000000003 9.3125 2.375 -3.375 1.0 0.0 0.0 0.0
26.400000000000002 9.375 2.375 -3.4375 1.0 0.0 0.0 0.0
26.6 9.4375 2.4375 -3.4375 1.0 0.0 0.0 0.0
26.8 9.5 2.5 -3.4375 1.0 0.0 0.0 0.0
27.0 9.5 2.625 -3.5 1.0 0.0 0.0 0.0
27.200000000000003 9.5625 2.6875 -3.5625 1.0 0.0 0.0 0.0
27.400000000000002 9.5625 2.6875 -3.5625 1.0 0.0 0.0 0.0
27.6 9.9375 2.75 -3.5625 1.0 0.0 0.0 0.0
27.8 10.1875 2.875 -3.625 1.0 0.0 0.0 0.0
28.0 10.3125 2.875 -3.625 1.0 0.0 0.0 0.0
28.200000000000003 10.375 2.875 -3.625 1.0 0.0 0.0 0.0
28.400000000000002 10.375 2.9375 -3.625 1.0 0.0 0.0 0.0
28.6 10.4375 2.9375 -3.6875 1.0 0.0 0.0 0.0
28.8 10.5625 3.25 -3.6875 1.0 0.0 0.0 0.0
29.0 10.6875 3.5625 -3.75 1.0 0.0 0.0 0.0
29.200000000000003 10.8125 3.625 -3.8125 1.0 0.0 0.0 0.0
29.400000000000002 10.875 3.6875 -4.0 1.0 0.0 0.0 0.0
29.6 11.0 3.75 -4.0 1.0 0.0 0.0 0.0
29.8 11.0625 3.8125 -4.0625 1.0 0.0 0.0 0.0
30.0 11.125 3.9375 -4.0625 1.0 0.0 0.0 0.0
30.200000000000003 11.125 4.25 -4.125 1.0 0.0 0.0 0.0
30.400000000000002 11.1875 4.25 -4.125 1.0 0.0 0.0 0.0
30.6 11.1875 4.25 -4.1875 1.0 0.0 0.0 0.0
30.8 11.3125 4.25 -4.1875 1.0 0.0 0.0 0.0
31.0 11.375 4.25 -4.25 1.0 0.0 0.0 0.0
31.200000000000003 11.375 4.25 -4.3125 1.0 0.0 0.0 0.0
31.400000000000002 11.4375 4.25 -4.3125 1.0 0.0 0.0 0.0
31.6 11.4375 4.3125 -4.375 1.0 0.0 0.0 0.0
31.8 11.5 4.3125 -4.375 1.0 0.0 0.0 0.0
32.0 11.5 4.3125 -4.4375 1.0 0.0 0.0 0.0
32.2 11.5 4.375 -4.4375 1.0 0.0 0.0 0.0
32.4 11.875 4.375 -4.5 1.0 0.0 0.0 0.0
32.6 11.875 4.375 -4.5 1.0 0.0 0.0 0.0
32.800000000000004 11.875 4.375 -4.5 1.0 0.0 0.0 0.0
33.0 11.875 4.375 -4.5 1.0 0.0 0.0 0.0
33.2 12.125 4.4375 -4.5625 1.0 0.0 0.0 0.0
33.4 12.125 4.4375 -4.5625 1.0 0.0 0.0 0.0
33.6 12.5625 4.4375 -4.625 1.0 0.0 0.0 0.0
33.800000000000004 12.5625 4.4375 -4.625 1.0 0.0 0.0 0.0
34.0 12.5625 4.5 -4.625 1.0 0.0 0.0 0.0
34.2 12.5625 4.5 -4.6875 1.0 0.0 0.0 0.0
34.4 12.5625 4.5 -4.6875 1.0 0.0 0.0 0.0
34.6 12.5625 4.5625 -4.6875 1.0 0.0 0.0 0.0
34.800000000000004 12.5625 4.5625 -4.6875 1.0 0.0 0.0 0.0
35.0 12.75 4.625 -4.75 1.0 0.0 0.0 0.0
35.2 12.75 4.625 -4.75 1.0 0.0 0.0 0.0
35.4 12.8125 4.6875 -4.75 1.0 0.0 0.0 0.0
35.6 12.8125 4.6875 -4.75 1.0 0.0 0.0 0.0
35.800000000000004 12.875 4.6875 -4.75 1.0 0.0 0.0 0.0
36.0 12.875 4.6875 -4.75 1.0 0.0 0.0 0.0
36.2 13.4375 4.6875 -4.75 1.0 0.0 0.0 0.0
36.4 13.6875 4.75 -4.8125 1.0 0.0 0.0 0.0
36.6 13.6875 4.8125 -4.8125 1.0 0.0 0.0 0.0
36.800000000000004 13.6875 4.8125 -4.875 1.0 0.0 0.0 0.0
37.0 14.0 4.8125 -4.875 1.0 0.0 0.0 0.0
37.2 14.0 4.875 -4.875 1.0 0.0 0.0 0.0
37.4 14.0 4.875 -4.9375 1.0 0.0 0.0 0.0
37.6 14.125 4.9375 -4.9375 1.0 0.0 0.0 0.0
37.800000000000004 14.1875 4.9375 -4.9375 1.0 0.0 0.0 0.0
38.0 14.1875 5.0 -4.9375 1.0 0.0 0.0 0.0
38.2 14.25 5.0 -4.9375 1.0 0.0 0.0 0.0
38.400000000000006 14.25 5.0625 -4.9375 1.0 0.0 0.0 0.0
38.6 14.3125 5.125 -4.9375 1.0 0.0 0.0 0.0
38.800000000000004 14.3125 5.125 -4.9375 1.0 0.0 0.0 0.0
39.0 14.3125 5.125 -4.9375 1.0 0.0 0.0 0.0
39.2 14.3125 5.1875 -4.9375 1.0 0.0 0.0 0.0
39.400000000000006 14.375 5.1875 -4.9375 1.0 0.0 0.0 0.0
39.6 14.375 5.25 -4.9375 1.0 0.0 0.0 0.0
39.800000000000004 14.375 5.3125 -4.9375 1.0 0.0 0.0 0.0
40.0 14.8125 5.375 -4.9375 1.0 0.0 0.0 0.0
40.2 14.875 5.375 -5.0 1.0 0.0 0.0 0.0
40.400000000000006 15.0 5.4375 -5.0 1.0 0.0 0.0 0.0
40.6 15.0 5.5 -5.0625 1.0 0.0 0.0 0.0
40.800000000000004 15.0 5.5 -5.0625 1.0 0.0 0.0 0.0
41.0 15.0625 5.5625 -5.125 1.0 0.0 0.0 0.0
41.2 15.0625 5.5625 -5.1875 1.0 0.0 0.0 0.0
41.400000000000006 15.125 5.625 -5.25 1.0 0.0 0.0 0.0
41.6 15.1875 6.0 -5.25 1.0 0.0 0.0 0.0
41.800000000000004 15.1875 6.0625 -5.3125 1.0 0.0 0.0 0.0
42.0 15.1875 6.1875 -5.375 1.0 0.0 0.0 0.0
42.2 15.25 6.25 -5.375 1.0 0.0 0.0 0.0
42.400000000000006 15.25 6.3125 -5.375 1.0 0.0 0.0 0.0
42.6 15.25 6.4375 -5.375 1.0 0.0 0.0 0.0
42.800000000000004 15.3125 6.4375 -5.375 1.0 0.0 0.0 0.0
43.0 15.3125 6.5 -5.4375 1.0 0.0 0.0 0.0
43.2 15.3125 6.625 -5.4375 1.0 0.0 0.0 0.0
43.400000000000006 15.3125 6.6875 -5.4375 1.0 0.0 0.0 0.0
43.6 15.625 6.75 -5.5 1.0 0.0 0.0 0.0
43.800000000000004 15.625 6.8125 -5.5 1.0 0.0 0.0 0.0
44.0 15.625 6.875 -5.5625 1.0 0.0 0.0 0.0
44.2 15.75 6.875 -5.5625 1.0 0.0 0.0 0.0
44.400000000000006 15.75 7.0 -5.625 1.0 0.0 0.0 0.0
44.6 15.6875 7.0625 -5.625 1.0 0.0 0.0 0.0
44.800000000000004 15.6875 7.0625 -5.6875 1.0 0.0 0.0 0.0
45.0 15.6875 7.125 -5.75 1.0 0.0 0.0 0.0
45.2 15.6875 7.1875 -5.75 1.0 0.0 0.0 0.0
45.400000000000006 15.625 7.1875 -5.8125 1.0 0.0 0.0 0.0
45.6 15.625 7.1875 -5.8125 1.0 0.0 0.0 0.0
45.800000000000004 15.625 7.25 -5.8125 1.0 0.0 0.0 0.0
46.0 15.625 7.25 -5.9375 1.0 0.0 0.0 0.0
46.2 15.625 7.25 -6.0625 1.0 0.0 0.0 0.0
46.400000000000006 15.625 7.3125 -6.0625 1.0 0.0 0.0 0.0
46.6 15.6875 7.3125 -6.0625 1.0 0.0 0.0 0.0
46.800000000000004 15.6875 7.3125 -6.0625 1.0 0.0 0.0 0.0
47.0 15.75 7.3125 -6.0625 1.0 0.0 0.0 0.0
47.2 15.8125 7.3125 -6.0625 1.0 0.0 0.0 0.0
47.400000000000006 15.8125 7.4375 -6.0625 1.0 0.0 0.0 0.0
47.6 15.6875 7.5625 -6.125 1.0 0.0 0.0 0.0
47.800000000000004 15.6875 7.5625 -6.125 1.0 0.0 0.0 0.0
48.0 15.6875 7.625 -6.125 1.0 0.0 0.0 0.0
48.2 15.6875 7.6875 -6.125 1.0 0.0 0.0 0.0
48.400000000000006 15.6875 7.8125 -6.1875 1.0 0.0 0.0 0.0
48.6 15.6875 7.875 -6.1875 1.0 0.0 0.0 0.0
48.800000000000004 15.6875 8.0 -6.1875 1.0 0.0 0.0 0.0
49.0 15.6875 8.0625 -6.125 1.0 0.0 0.0 0.0
49.2 15.6875 8.125 -6.125 1.0 0.0 0.0 0.0
49.400000000000006 15.6875 8.125 -6.125 1.0 0.0 0.0 0.0
49.6 15.6875 8.1875 -6.1875 1.0 0.0 0.0 0.0
49.800000000000004 15.6875 8.1875 -6.1875 1.0 0.0 0.0 0.0
50.0 15.75 8.25 -6.1875 1.0 0.0 0.0 0.0
50.2 15.8125 8.625 -6.25 1.0 0.0 0.0 0.0
50.400000000000006 15.875 8.625 -6.25 1.0 0.0 0.0 0.0
50.6 15.875 8.625 -6.25 1.0 0.0 0.0 0.0
50.800000000000004 15.9375 8.6875 -6.25 1.0 0.0 0.0 0.0
51.0 15.9375 8.9375 -6.25 1.0 0.0 0.0 0.0
51.2 15.9375 8.9375 -6.25 1.0 0.0 0.0 0.0
51.400000000000006 15.9375 8.9375 -6.3125 1.0 0.0 0.0 0.0
51.6 16.0 9.0 -6.3125 1.0 0.0 0.0 0.0
51.800000000000004 16.0 9.0 -6.375 1.0 0.0 0.0 0.0
52.0 16.0 9.0625 -6.375 1.0 0.0 0.0 0.0
52.2 16.0 9.0625 -6.4375 1.0 0.0 0.0 0.0
52.400000000000006 16.0 9.0625 -6.4375 1.0 0.0 0.0 0.0
52.6 16.0 9.0625 -6.5 1.0 0.0 0.0 0.0
52.800000000000004 16.0 9.0625 -6.5625 1.0 0.0 0.0 0.0
53.0 16.0 9.0625 -6.625 1.0 0.0 0.0 0.0
53.2 16.0 9.0625 -6.625 1.0 0.0 0.0 0.0
53.400000000000006 16.0 9.0625 -6.6875 1.0 0.0 0.0 0.0
53.6 16.0 9.0625 -6.6875 1.0 0.0 0.0 0.0
53.800000000000004 16.0 9.0625 -6.6875 1.0 0.0 0.0 0.0
54.0 16.0 9.0625 -6.75 1.0 0.0 0.0 0.0
54.2 16.0 9.0625 -6.8125 1.0 0.0 0.0 0.0
54.400000000000006 15.9375 9.0625 -6.8125 1.0 0.0 0.0 0.0
54.6 15.9375 9.0625 -6.8125 1.0 0.0 0.0 0.0
54.800000000000004 15.9375 9.0625 -6.8125 1.0 0.0 0.0 0.0
55.0 15.9375 9.0625 -6.875 1.0 0.0 0.0 0.0
55.2 15.9375 9.0625 -6.875 1.0 0.0 0.0 0.0
55.400000000000006 15.9375 9.0625 -6.9375 1.0 0.0 0.0 0.0
55.6 15.9375 9.0625 -6.9375 1.0 0.0 0.0 0.0
55.800000000000004 15.9375 9.0625 -6.9375 1.0 0.0 0.0 0.0
56.0 15.875 9.0625 -7.0 1.0 0.0 0.0 0.0
56.2 15.875 9.0625 -7.0 1.0 0.0 0.0 0.0
56.400000000000006 15.875 9.0625 -7.0 1.0 0.0 0.0 0.0
56.6 15.875 9.0625 -7.0 1.0 0.0 0.0 0.0
56.800000000000004 15.8125 9.0625 -7.0625 1.0 0.0 0.0 0.0
57.0 15.8125 9.0625 -7.0625 1.0 0.0 0.0 0.0
57.2 15.8125 9.0625 -7.0625 1.0 0.0 0.0 0.0
57.400000000000006 15.8125 9.0625 -7.0625 1.0 0.0 0.0 0.0
57.6 15.8125 9.0625 -7.0625 1.0 0.0 0.0 0.0
57.800000000000004 15.625 9.0625 -7.125 1.0 0.0 0.0 0.0
58.0 15.625 9.0625 -7.125 1.0 0.0 0.0 0.0
58.2 15.625 9.0625 -7.125 1.0 0.0 0.0 0.0
58.400000000000006 15.625 9.0625 -7.125 1.0 0.0 0.0 0.0
58.6 15.625 9.0625 -7.125 1.0 0.0 0.0 0.0
58.800000000000004 15.625 9.125 -7.125 1.0 0.0 0.0 0.0
59.0 15.625 9.125 -7.125 1.0 0.0 0.0 0.0
59.2 15.5625 9.125 -7.1875 1.0 0.0 0.0 0.0
59.400000000000006 15.5625 9.125 -7.1875 1.0 0.0 0.0 0.0
59.6 15.5625 9.1875 -7.1875 1.0 0.0 0.0 0.0
59.800000000000004 15.5625 9.1875 -7.25 1.0 0.0 0.0 0.0
60.0 15.5625 9.1875 -7.25 1.0 0.0 0.0 0.0
60.2 15.5625 9.1875 -7.25 1.0 0.0 0.0 0.0
60.400000000000006 15.5625 9.1875 -7.25 1.0 0.0 0.0 0.0
60.6 15.5625 9.1875 -7.25 1.0 0.0 0.0 0.0
60.800000000000004 15.5625 9.1875 -7.375 1.0 0.0 0.0 0.0
61.0 15.5625 9.1875 -7.375 1.0 0.0 0.0 0.0
61.2 15.5625 9.3125 -7.4375 1.0 0.0 0.0 0.0
61.400000000000006 15.5625 9.375 -7.4375 1.0 0.0 0.0 0.0
61.6 15.5625 9.4375 -7.5 1.0 0.0 0.0 0.0
61.800000000000004 15.5625 9.5 -7.5625 1.0 0.0 0.0 0.0
62.0 15.5625 9.5 -7.5625 1.0 0.0 0.0 0.0
62.2 15.5625 9.5625 -7.5625 1.0 0.0 0.0 0.0
62.400000000000006 15.5625 9.5625 -7.5625 1.0 0.0 0.0 0.0
62.6 15.5625 9.625 -7.625 1.0 0.0 0.0 0.0
62.800000000000004 15.5625 9.625 -7.625 1.0 0.0 0.0 0.0
63.0 15.5625 9.625 -7.625 1.0 0.0 0.0 0.0
63.2 15.625 9.6875 -7.6875 1.0 0.0 0.0 0.0
63.400000000000006 15.625 9.75 -7.9375 1.0 0.0 0.0 0.0
63.6 15.625 9.75 -8.1875 1.0 0.0 0.0 0.0
63.800000000000004 15.625 9.8125 -8.1875 1.0 0.0 0.0 0.0
64.0 15.625 9.875 -8.1875 1.0 0.0 0.0 0.0
64.2 15.625 9.875 -8.1875 1.0 0.0 0.0 0.0
64.4 15.625 9.875 -8.1875 1.0 0.0 0.0 0.0
64.60000000000001 15.625 9.875 -8.1875 1.0 0.0 0.0 0.0
64.8 15.625 9.875 -8.1875 1.0 0.0 0.0 0.0
65.0 15.625 9.875 -8.1875 1.0 0.0 0.0 0.0
65.2 15.625 9.875 -8.3125 1.0 0.0 0.0 0.0
65.4 15.625 9.875 -8.375 1.0 0.0 0.0 0.0
65.60000000000001 15.625 9.875 -8.4375 1.0 0.0 0.0 0.0
65.8 15.625 9.875 -8.4375 1.0 0.0 0.0 0.0
66.0 15.625 9.875 -8.4375 1.0 0.0 0.0 0.0
66.2 15.625 9.875 -8.4375 1.0 0.0 0.0 0.0
66.4 15.625 9.875 -8.5 1.0 0.0 0.0 0.0
66.60000000000001 15.6875 9.9375 -8.5625 1.0 0.0 0.0 0.0
66.8 15.6875 9.9375 -8.75 1.0 0.0 0.0 0.0
67.0 15.6875 10.0 -8.8125 1.0 0.0 0.0 0.0
67.2 15.6875 10.0625 -8.875 1.0 0.0 0.0 0.0
67.4 15.6875 10.125 -8.9375 1.0 0.0 0.0 0.0
67.60000000000001 15.6875 10.1875 -9.125 1.0 0.0 0.0 0.0
67.8 15.6875 10.25 -9.1875 1.0 0.0 0.0 0.0
68.0 15.6875 10.25 -9.25 1.0 0.0 0.0 0.0
68.2 15.6875 10.25 -9.3125 1.0 0.0 0.0 0.0
68.4 15.6875 10.3125 -9.3125 1.0 0.0 0.0 0.0
68.60000000000001 15.6875 10.3125 -9.375 1.0 0.0 0.0 0.0
68.8 15.6875 10.375 -9.4375 1.0 0.0 0.0 0.0
69.0 15.6875 10.375 -9.5 1.0 0.0 0.0 0.0
69.2 15.6875 10.4375 -9.5625 1.0 0.0 0.0 0.0
69.4 15.6875 10.5 -9.625 1.0 0.0 0.0 0.0
69.60000000000001 15.6875 10.5625 -9.6875 1.0 0.0 0.0 0.0
69.8 15.6875 10.5625 -9.6875 1.0 0.0 0.0 0.0
70.0 15.6875 10.5625 -9.75 1.0 0.0 0.0 0.0
70.2 15.6875 10.625 -9.75 1.0 0.0 0.0 0.0
70.4 15.6875 10.625 -9.75 1.0 0.0 0.0 0.0
70.60000000000001 15.6875 10.625 -9.75 1.0 0.0 0.0 0.0
70.8 15.6875 10.625 -9.75 1.0 0.0 0.0 0.0
71.0 15.6875 10.625 -9.75 1.0 0.0 0.0 0.0
71.2 15.6875 10.625 -9.75 1.0 0.0 0.0 0.0
71.4 15.6875 10.625 -9.8125 1.0 0.0 0.0 0.0
71.60000000000001 15.6875 10.6875 -9.875 1.0 0.0 0.0 0.0
71.8 15.6875 10.75 -9.875 1.0 0.0 0.0 0.0
72.0 15.6875 10.8125 -9.9375 1.0 0.0 0.0 0.0
72.2 15.6875 10.8125 -10.0 1.0 0.0 0.0 0.0
72.4 15.75 10.8125 -10.0 1.0 0.0 0.0 0.0
72.60000000000001 15.75 10.875 -10.125 1.0 0.0 0.0 0.0
72.8 15.75 10.875 -10.125 1.0 0.0 0.0 0.0
73.0 15.6875 10.9375 -10.1875 1.0 0.0 0.0 0.0
73.2 15.6875 11.0 -10.1875 1.0 0.0 0.0 0.0
73.4 15.6875 11.0625 -10.1875 1.0 0.0 0.0 0.0
73.60000000000001 15.6875 11.125 -10.1875 1.0 0.0 0.0 0.0
73.8 15.6875 11.1875 -10.1875 1.0 0.0 0.0 0.0
74.0 15.6875 11.25 -10.1875 1.0 0.0 0.0 0.0
74.2 15.6875 11.25 -10.25 1.0 0.0 0.0 0.0
74.4 15.6875 11.3125 -10.25 1.0 0.0 0.0 0.0
74.60000000000001 15.6875 11.3125 -10.25 1.0 0.0 0.0 0.0
74.8 15.6875 11.375 -10.25 1.0 0.0 0.0 0.0
75.0 15.6875 11.375 -10.25 1.0 0.0 0.0 0.0
75.2 15.6875 11.5 -10.3125 1.0 0.0 0.0 0.0
75.4 15.6875 11.5 -10.3125 1.0 0.0 0.0 0.0
75.60000000000001 15.6875 11.5625 -10.375 1.0 0.0 0.0 0.0
75.8 15.6875 11.625 -10.375 1.0 0.0 0.0 0.0
76.0 15.6875 11.6875 -10.375 1.0 0.0 0.0 0.0
76.2 15.6875 11.6875 -10.4375 1.0 0.0 0.0 0.0
76.4 15.6875 11.6875 -10.4375 1.0 0.0 0.0 0.0
76.60000000000001 15.6875 11.75 -10.5 1.0 0.0 0.0 0.0
76.80000000000001 15.6875 11.8125 -10.5 1.0 0.0 0.0 0.0
77.0 15.6875 11.8125 -10.5625 1.0 0.0 0.0 0.0
77.2 15.6875 11.875 -10.5625 1.0 0.0 0.0 0.0
77.4 15.6875 11.875 -10.625 1.0 0.0 0.0 0.0
77.60000000000001 15.6875 11.875 -10.625 1.0 0.0 0.0 0.0
77.80000000000001 15.6875 11.875 -10.625 1.0 0.0 0.0 0.0
78.0 15.6875 11.875 -10.625 1.0 0.0 0.0 0.0
78.2 15.6875 11.875 -10.625 1.0 0.0 0.0 0.0
78.4 15.6875 11.875 -10.625 1.0 0.0 0.0 0.0
78.60000000000001 15.625 11.875 -10.6875 1.0 0.0 0.0 0.0
78.80000000000001 15.625 11.875 -10.6875 1.0 0.0 0.0 0.0
79.0 15.625 11.8125 -10.6875 1.0 0.0 0.0 0.0
79.2 15.625 11.8125 -10.75 1.0 0.0 0.0 0.0
79.4 15.625 11.8125 -10.75 1.0 0.0 0.0 0.0
79.60000000000001 15.625 11.8125 -10.75 1.0 0.0 0.0 0.0
79.80000000000001 15.625 11.8125 -10.8125 1.0 0.0 0.0 0.0
80.0 15.6875 11.8125 -10.8125 1.0 0.0 0.0 0.0
80.2 15.875 11.8125 -10.8125 1.0 0.0 0.0 0.0
80.4 15.9375 11.8125 -10.875 1.0 0.0 0.0 0.0
80.60000000000001 16.0 11.8125 -10.875 1.0 0.0 0.0 0.0
80.80000000000001 16.0 11.8125 -10.875 1.0 0.0 0.0 0.0
81.0 16.0625 11.8125 -10.875 1.0 0.0 0.0 0.0
81.2 16.0625 11.8125 -10.875 1.0 0.0 0.0 0.0
81.4 16.0625 11.8125 -10.875 1.0 0.0 0.0 0.0
81.60000000000001 16.0 11.8125 -10.9375 1.0 0.0 0.0 0.0
81.80000000000001 16.0 11.8125 -10.9375 1.0 0.0 0.0 0.0
82.0 16.0 11.8125 -10.9375 1.0 0.0 0.0 0.0
82.2 15.9375 11.875 -10.875 1.0 0.0 0.0 0.0
82.4 15.9375 11.875 -10.875 1.0 0.0 0.0 0.0
82.60000000000001 15.875 11.875 -10.875 1.0 0.0 0.0 0.0
82.80000000000001 15.8125 11.875 -10.875 1.0 0.0 0.0 0.0
83.0 15.75 11.875 -10.8125 1.0 0.0 0.0 0.0
83.2 15.75 11.9375 -10.8125 1.0 0.0 0.0 0.0
83.4 15.6875 11.9375 -10.6875 1.0 0.0 0.0 0.0
83.60000000000001 15.6875 11.9375 -10.6875 1.0 0.0 0.0 0.0
83.80000000000001 15.625 11.9375 -10.6875 1.0 0.0 0.0 0.0
84.0 15.625 11.9375 -10.6875 1.0 0.0 0.0 0.0
84.2 15.625 11.9375 -10.6875 1.0 0.0 0.0 0.0
84.4 15.625 11.9375 -10.6875 1.0 0.0 0.0 0.0
