0.0 2.5 3.9375 3.9375 1.0 0.0 0.0 0.0
0.2 2.5 3.9375 3.9375 1.0 0.0 0.0 0.0
0.4 2.5 3.875 3.9375 1.0 0.0 0.0 0.0
0.6 2.5 3.875 3.9375 1.0 0.0 0.0 0.0
0.8 2.5 3.8125 3.875 1.0 0.0 0.0 0.0
1.0 2.5625 3.8125 3.875 1.0 0.0 0.0 0.0
1.2 2.5625 3.8125 3.8125 1.0 0.0 0.0 0.0
1.4 2.5625 3.8125 3.8125 1.0 0.0 0.0 0.0
1.6 2.5625 3.8125 3.8125 1.0 0.0 0.0 0.0
1.8 2.5625 3.8125 3.8125 1.0 0.0 0.0 0.0
2.0 2.5625 3.8125 3.8125 1.0 0.0 0.0 0.0
2.2 2.625 3.8125 3.8125 1.0 0.0 0.0 0.0
2.4 2.6875 3.75 3.8125 1.0 0.0 0.0 0.0
2.6 2.6875 3.75 3.8125 1.0 0.0 0.0 0.0
2.8 2.75 3.75 3.8125 1.0 0.0 0.0 0.0
3.0 2.75 3.75 3.8125 1.0 0.0 0.0 0.0
3.2 2.8125 3.75 3.8125 1.0 0.0 0.0 0.0
3.4 2.8125 3.75 3.8125 1.0 0.0 0.0 0.0
3.6 2.875 3.75 3.8125 1.0 0.0 0.0 0.0
3.8 2.875 3.75 3.8125 1.0 0.0 0.0 0.0
4.0 2.9375 3.75 3.8125 1.0 0.0 0.0 0.0
4.2 2.9375 3.75 3.8125 1.0 0.0 0.0 0.0
4.4 2.9375 3.75 3.8125 1.0 0.0 0.0 0.0
4.6 2.9375 3.8125 3.8125 1.0 0.0 0.0 0.0
4.8 3.0 3.8125 3.8125 1.0 0.0 0.0 0.0
5.0 3.0625 3.8125 3.8125 1.0 0.0 0.0 0.0
5.2 3.0625 3.8125 3.8125 1.0 0.0 0.0 0.0
5.4 3.125 3.875 3.8125 1.0 0.0 0.0 0.0
5.6 3.125 3.875 3.8125 1.0 0.0 0.0 0.0
5.8 3.1875 3.875 3.8125 1.0 0.0 0.0 0.0
6.0 3.25 3.9375 3.8125 1.0 0.0 0.0 0.0
6.2 3.25 4.0 3.8125 1.0 0.0 0.0 0.0
6.4 3.25 4.0625 3.8125 1.0 0.0 0.0 0.0
6.6 3.375 4.125 3.8125 1.0 0.0 0.0 0.0
6.8 3.375 4.1875 3.8125 1.0 0.0 0.0 0.0
7.0 3.375 4.25 3.8125 1.0 0.0 0.0 0.0
7.2 3.625 4.25 3.8125 1.0 0.0 0.0 0.0
7.4 3.6875 4.25 3.8125 1.0 0.0 0.0 0.0
7.6 3.6875 4.3125 3.8125 1.0 0.0 0.0 0.0
7.8 3.6875 4.3125 3.8125 1.0 0.0 0.0 0.0
8.0 3.6875 4.375 3.8125 1.0 0.0 0.0 0.0
8.2 3.75 4.4375 3.8125 1.0 0.0 0.0 0.0
8.4 3.8125 4.5 3.8125 1.0 0.0 0.0 0.0
8.6 3.8125 4.625 3.8125 1.0 0.0 0.0 0.0
8.8 3.875 4.6875 3.8125 1.0 0.0 0.0 0.0
9.0 3.9375 4.8125 3.8125 1.0 0.0 0.0 0.0
9.2 3.9375 5.0625 3.8125 1.0 0.0 0.0 0.0
9.4 4.0625 5.1875 3.8125 1.0 0.0 0.0 0.0
9.6 4.0625 5.375 3.8125 1.0 0.0 0.0 0.0
9.8 4.125 5.4375 3.8125 1.0 0.0 0.0 0.0
10.0 4.1875 5.5 3.8125 1.0 0.0 0.0 0.0
10.2 4.25 5.5625 3.8125 1.0 0.0 0.0 0.0
10.4 4.25 5.625 3.8125 1.0 0.0 0.0 0.0
10.6 4.25 5.6875 3.8125 1.0 0.0 0.0 0.0
10.8 4.25 5.8125 3.8125 1.0 0.0 0.0 0.0
11.0 4.25 5.875 3.875 1.0 0.0 0.0 0.0
11.2 4.25 5.9375 3.875 1.0 0.0 0.0 0.0
11.4 4.25 6.0 3.875 1.0 0.0 0.0 0.0
11.6 4.25 6.0 3.9375 1.0 0.0 0.0 0.0
11.8 4.3125 6.0625 3.9375 1.0 0.0 0.0 0.0
12.0 4.3125 6.125 3.9375 1.0 0.0 0.0 0.0
12.2 4.3125 6.1875 3.9375 1.0 0.0 0.0 0.0
12.4 4.3125 6.25 3.9375 1.0 0.0 0.0 0.0
12.6 4.3125 6.25 3.9375 1.0 0.0 0.0 0.0
12.8 4.3125 6.3125 3.9375 1.0 0.0 0.0 0.0
13.0 4.3125 6.3125 4.0 1.0 0.0 0.0 0.0
13.2 4.3125 6.375 4.0 1.0 0.0 0.0 0.0
13.4 4.3125 6.375 4.0 1.0 0.0 0.0 0.0
13.6 4.3125 6.4375 4.0 1.0 0.0 0.0 0.0
13.8 4.375 6.4375 4.0625 1.0 0.0 0.0 0.0
14.0 4.375 6.4375 4.0625 1.0 0.0 0.0 0.0
14.2 4.375 6.5 4.0625 1.0 0.0 0.0 0.0
14.4 4.375 6.5 4.125 1.0 0.0 0.0 0.0
14.6 4.3125 6.5625 4.125 1.0 0.0 0.0 0.0
14.8 4.3125 6.5625 4.125 1.0 0.0 0.0 0.0
15.0 4.25 6.625 4.125 1.0 0.0 0.0 0.0
15.2 4.25 6.625 4.125 1.0 0.0 0.0 0.0
15.4 4.25 6.6875 4.1875 1.0 0.0 0.0 0.0
15.6 4.125 6.6875 4.1875 1.0 0.0 0.0 0.0
15.8 4.0 6.75 4.1875 1.0 0.0 0.0 0.0
16.0 3.9375 6.75 4.25 1.0 0.0 0.0 0.0
16.2 3.8125 6.75 4.25 1.0 0.0 0.0 0.0
16.4 3.6875 6.75 4.25 1.0 0.0 0.0 0.0
16.6 3.625 6.8125 4.25 1.0 0.0 0.0 0.0
16.8 3.625 6.875 4.25 1.0 0.0 0.0 0.0
17.0 3.5625 6.875 4.25 1.0 0.0 0.0 0.0
17.2 3.5 6.875 4.3125 1.0 0.0 0.0 0.0
17.4 3.5 6.875 4.3125 1.0 0.0 0.0 0.0
17.6 3.4375 6.9375 4.3125 1.0 0.0 0.0 0.0
17.8 3.375 6.9375 4.3125 1.0 0.0 0.0 0.0
18.0 3.3125 7.0 4.375 1.0 0.0 0.0 0.0
18.2 3.3125 7.0625 4.375 1.0 0.0 0.0 0.0
18.4 3.25 7.0625 4.375 1.0 0.0 0.0 0.0
18.6 3.1875 7.125 4.375 1.0 0.0 0.0 0.0
18.8 3.1875 7.125 4.375 1.0 0.0 0.0 0.0
19.0 3.125 7.125 4.4375 1.0 0.0 0.0 0.0
19.2 3.125 7.125 4.4375 1.0 0.0 0.0 0.0
19.4 3.0625 7.1875 4.4375 1.0 0.0 0.0 0.0
19.6 3.0625 7.1875 4.4375 1.0 0.0 0.0 0.0
19.8 3.0 7.25 4.4375 1.0 0.0 0.0 0.0
20.0 2.9375 7.3125 4.4375 1.0 0.0 0.0 0.0
20.2 2.9375 7.3125 4.4375 1.0 0.0 0.0 0.0
20.4 2.9375 7.3125 4.4375 1.0 0.0 0.0 0.0
20.6 2.9375 7.375 4.4375 1.0 0.0 0.0 0.0
20.8 2.9375 7.375 4.4375 1.0 0.0 0.0 0.0
21.0 2.9375 7.375 4.4375 1.0 0.0 0.0 0.0
21.2 2.875 7.375 4.4375 1.0 0.0 0.0 0.0
21.4 2.8125 7.4375 4.4375 1.0 0.0 0.0 0.0
21.6 2.8125 7.4375 4.4375 1.0 0.0 0.0 0.0
21.8 2.8125 7.5 4.4375 1.0 0.0 0.0 0.0
22.0 2.8125 7.5625 4.4375 1.0 0.0 0.0 0.0
22.2 2.75 7.625 4.4375 1.0 0.0 0.0 0.0
22.4 2.6875 7.6875 4.4375 1.0 0.0 0.0 0.0
22.6 2.6875 7.6875 4.375 1.0 0.0 0.0 0.0
22.8 2.625 7.6875 4.375 1.0 0.0 0.0 0.0
23.0 2.5625 7.75 4.375 1.0 0.0 0.0 0.0
23.2 2.5625 7.75 4.375 1.0 0.0 0.0 0.0
23.4 2.5625 7.75 4.375 1.0 0.0 0.0 0.0
23.6 2.5 7.8125 4.375 1.0 0.0 0.0 0.0
23.8 2.5 7.875 4.375 1.0 0.0 0.0 0.0
24.0 2.5 8.0 4.375 1.0 0.0 0.0 0.0
24.2 2.5 8.0625 4.3125 1.0 0.0 0.0 0.0
24.4 2.5 8.125 4.3125 1.0 0.0 0.0 0.0
24.6 2.5 8.1875 4.25 1.0 0.0 0.0 0.0
24.8 2.4375 8.1875 4.25 1.0 0.0 0.0 0.0
25.0 2.4375 8.25 4.25 1.0 0.0 0.0 0.0
25.2 2.375 8.3125 4.25 1.0 0.0 0.0 0.0
25.4 2.375 8.375 4.1875 1.0 0.0 0.0 0.0
25.6 2.3125 8.4375 4.1875 1.0 0.0 0.0 0.0
25.8 2.3125 8.5 4.1875 1.0 0.0 0.0 0.0
26.0 2.25 8.5625 4.125 1.0 0.0 0.0 0.0
26.2 2.25 8.625 4.125 1.0 0.0 0.0 0.0
26.4 2.1875 8.625 4.0625 1.0 0.0 0.0 0.0
26.6 2.125 8.6875 4.0625 1.0 0.0 0.0 0.0
26.8 2.0625 8.6875 4.0625 1.0 0.0 0.0 0.0
27.0 2.0625 8.6875 4.0 1.0 0.0 0.0 0.0
27.2 2.0625 8.6875 4.0 1.0 0.0 0.0 0.0
27.4 2.0625 8.75 3.9375 1.0 0.0 0.0 0.0
27.6 2.0 8.8125 3.9375 1.0 0.0 0.0 0.0
27.8 1.9375 8.875 3.875 1.0 0.0 0.0 0.0
28.0 1.875 8.9375 3.8125 1.0 0.0 0.0 0.0
28.2 1.8125 8.9375 3.8125 1.0 0.0 0.0 0.0
28.4 1.75 9.0 3.8125 1.0 0.0 0.0 0.0
28.6 1.6875 9.0 3.75 1.0 0.0 0.0 0.0
28.8 1.625 9.0625 3.75 1.0 0.0 0.0 0.0
29.0 1.625 9.0625 3.75 1.0 0.0 0.0 0.0
29.2 1.625 9.0625 3.6875 1.0 0.0 0.0 0.0
29.4 1.5625 9.0625 3.6875 1.0 0.0 0.0 0.0
29.6 1.5625 9.125 3.6875 1.0 0.0 0.0 0.0
29.8 1.5 9.125 3.625 1.0 0.0 0.0 0.0
30.0 1.4375 9.125 3.625 1.0 0.0 0.0 0.0
30.2 1.4375 9.1875 3.625 1.0 0.0 0.0 0.0
30.4 1.4375 9.1875 3.625 1.0 0.0 0.0 0.0
30.6 1.4375 9.1875 3.5625 1.0 0.0 0.0 0.0
30.8 1.375 9.25 3.5625 1.0 0.0 0.0 0.0
31.0 1.3125 9.3125 3.5 1.0 0.0 0.0 0.0
31.2 1.3125 9.3125 3.5 1.0 0.0 0.0 0.0
31.4 1.3125 9.375 3.5 1.0 0.0 0.0 0.0
31.6 1.25 9.4375 3.5 1.0 0.0 0.0 0.0
31.8 1.25 9.4375 3.4375 1.0 0.0 0.0 0.0
32.0 1.25 9.4375 3.4375 1.0 0.0 0.0 0.0
32.2 1.25 9.5 3.4375 1.0 0.0 0.0 0.0
32.4 1.25 9.5 3.4375 1.0 0.0 0.0 0.0
32.6 1.25 9.5 3.4375 1.0 0.0 0.0 0.0
32.8 1.25 9.5 3.375 1.0 0.0 0.0 0.0
33.0 1.3125 9.5 3.375 1.0 0.0 0.0 0.0
33.2 1.3125 9.5 3.375 1.0 0.0 0.0 0.0
33.4 1.3125 9.5625 3.375 1.0 0.0 0.0 0.0
33.6 1.3125 9.5625 3.375 1.0 0.0 0.0 0.0
33.8 1.3125 9.5625 3.375 1.0 0.0 0.0 0.0
34.0 1.375 9.625 3.375 1.0 0.0 0.0 0.0
34.2 1.375 9.625 3.375 1.0 0.0 0.0 0.0
34.4 1.375 9.625 3.375 1.0 0.0 0.0 0.0
34.6 1.4375 9.6875 3.375 1.0 0.0 0.0 0.0
34.8 1.4375 9.6875 3.375 1.0 0.0 0.0 0.0
35.0 1.4375 9.75 3.375 1.0 0.0 0.0 0.0
35.2 1.4375 9.75 3.3125 1.0 0.0 0.0 0.0
35.4 1.5 9.75 3.3125 1.0 0.0 0.0 0.0
35.6 1.5 9.8125 3.3125 1.0 0.0 0.0 0.0
35.8 1.5625 9.8125 3.3125 1.0 0.0 0.0 0.0
36.0 1.625 9.8125 3.3125 1.0 0.0 0.0 0.0
36.2 1.75 9.8125 3.3125 1.0 0.0 0.0 0.0
36.4 1.75 9.8125 3.3125 1.0 0.0 0.0 0.0
36.6 1.8125 9.8125 3.3125 1.0 0.0 0.0 0.0
36.8 1.8125 9.8125 3.3125 1.0 0.0 0.0 0.0
37.0 1.8125 9.8125 3.3125 1.0 0.0 0.0 0.0
37.2 1.8125 9.875 3.3125 1.0 0.0 0.0 0.0
37.4 1.875 9.875 3.375 1.0 0.0 0.0 0.0
37.6 1.9375 9.9375 3.375 1.0 0.0 0.0 0.0
37.8 1.9375 9.9375 3.375 1.0 0.0 0.0 0.0
38.0 2.0 9.9375 3.375 1.0 0.0 0.0 0.0
38.2 2.0 9.9375 3.375 1.0 0.0 0.0 0.0
38.4 2.0625 9.9375 3.4375 1.0 0.0 0.0 0.0
38.6 2.0625 10.0 3.4375 1.0 0.0 0.0 0.0
38.8 2.0625 10.0 3.4375 1.0 0.0 0.0 0.0
39.0 2.0625 10.0 3.4375 1.0 0.0 0.0 0.0
39.2 2.0625 10.0 3.5 1.0 0.0 0.0 0.0
39.4 2.125 10.0 3.5625 1.0 0.0 0.0 0.0
39.6 2.125 10.0 3.5625 1.0 0.0 0.0 0.0
39.8 2.1875 10.0 3.625 1.0 0.0 0.0 0.0
40.0 2.25 10.0 3.625 1.0 0.0 0.0 0.0
40.2 2.3125 10.0 3.6875 1.0 0.0 0.0 0.0
40.4 2.3125 10.0 3.6875 1.0 0.0 0.0 0.0
40.6 2.375 10.0 3.75 1.0 0.0 0.0 0.0
40.8 2.375 10.0 3.8125 1.0 0.0 0.0 0.0
41.0 2.4375 10.0 3.875 1.0 0.0 0.0 0.0
41.2 2.4375 10.0 4.0625 1.0 0.0 0.0 0.0
41.4 2.4375 10.0625 4.0625 1.0 0.0 0.0 0.0
41.6 2.5 10.0625 4.1875 1.0 0.0 0.0 0.0
41.8 2.5 10.0625 4.375 1.0 0.0 0.0 0.0
42.0 2.5625 10.0625 4.5 1.0 0.0 0.0 0.0
42.2 2.5625 10.0625 4.5625 1.0 0.0 0.0 0.0
42.4 2.625 10.0625 4.625 1.0 0.0 0.0 0.0
42.6 2.625 10.0625 4.6875 1.0 0.0 0.0 0.0
42.8 2.6875 10.0625 4.75 1.0 0.0 0.0 0.0
43.0 2.6875 10.0625 4.8125 1.0 0.0 0.0 0.0
43.2 2.75 10.0625 4.875 1.0 0.0 0.0 0.0
43.4 2.75 10.0625 5.0 1.0 0.0 0.0 0.0
43.6 2.8125 10.0625 5.0 1.0 0.0 0.0 0.0
43.8 2.875 10.0625 5.0625 1.0 0.0 0.0 0.0
44.0 2.875 10.0625 5.0625 1.0 0.0 0.0 0.0
44.2 2.9375 10.0625 5.0625 1.0 0.0 0.0 0.0
44.4 2.9375 10.0 5.125 1.0 0.0 0.0 0.0
44.6 2.9375 10.0 5.125 1.0 0.0 0.0 0.0
44.8 3.0 10.0 5.125 1.0 0.0 0.0 0.0
45.0 3.0 10.0 5.3125 1.0 0.0 0.0 0.0
45.2 3.0625 9.9375 5.375 1.0 0.0 0.0 0.0
45.4 3.0625 9.9375 5.375 1.0 0.0 0.0 0.0
45.6 3.125 9.9375 5.375 1.0 0.0 0.0 0.0
45.8 3.1875 9.9375 5.375 1.0 0.0 0.0 0.0
46.0 3.1875 9.9375 5.375 1.0 0.0 0.0 0.0
46.2 3.1875 9.9375 5.375 1.0 0.0 0.0 0.0
46.4 3.3125 9.9375 5.375 1.0 0.0 0.0 0.0
46.6 3.3125 9.9375 5.375 1.0 0.0 0.0 0.0
46.8 3.375 9.9375 5.375 1.0 0.0 0.0 0.0
47.0 3.375 9.9375 5.3125 1.0 0.0 0.0 0.0
47.2 3.4375 9.9375 5.25 1.0 0.0 0.0 0.0
47.4 3.5 9.875 5.25 1.0 0.0 0.0 0.0
47.6 3.6875 9.875 5.25 1.0 0.0 0.0 0.0
47.8 3.75 9.8125 5.1875 1.0 0.0 0.0 0.0
48.0 3.8125 9.8125 5.1875 1.0 0.0 0.0 0.0
48.2 3.8125 9.75 5.1875 1.0 0.0 0.0 0.0
48.4 3.8125 9.75 5.125 1.0 0.0 0.0 0.0
48.6 3.8125 9.75 5.125 1.0 0.0 0.0 0.0
48.8 3.8125 9.6875 5.125 1.0 0.0 0.0 0.0
49.0 3.8125 9.6875 5.125 1.0 0.0 0.0 0.0
49.2 3.8125 9.625 5.125 1.0 0.0 0.0 0.0
49.4 3.8125 9.625 5.125 1.0 0.0 0.0 0.0
49.6 3.8125 9.5625 5.0625 1.0 0.0 0.0 0.0
49.8 3.8125 9.5 5.0 1.0 0.0 0.0 0.0
50.0 3.8125 9.5 4.9375 1.0 0.0 0.0 0.0
50.2 3.8125 9.5 4.9375 1.0 0.0 0.0 0.0
50.4 3.8125 9.5 4.875 1.0 0.0 0.0 0.0
50.6 3.8125 9.4375 4.8125 1.0 0.0 0.0 0.0
50.8 3.8125 9.4375 4.75 1.0 0.0 0.0 0.0
51.0 3.8125 9.375 4.75 1.0 0.0 0.0 0.0
51.2 3.6875 9.375 4.6875 1.0 0.0 0.0 0.0
51.4 3.625 9.375 4.625 1.0 0.0 0.0 0.0
51.6 3.5625 9.3125 4.5625 1.0 0.0 0.0 0.0
51.8 3.5 9.3125 4.5 1.0 0.0 0.0 0.0
52.0 3.5 9.25 4.4375 1.0 0.0 0.0 0.0
52.2 3.4375 9.25 4.375 1.0 0.0 0.0 0.0
52.4 3.4375 9.1875 4.3125 1.0 0.0 0.0 0.0
52.6 3.5625 9.1875 4.25 1.0 0.0 0.0 0.0
52.8 3.375 9.125 4.25 1.0 0.0 0.0 0.0
53.0 3.125 9.0625 4.125 1.0 0.0 0.0 0.0
53.2 3.0 9.0 4.125 1.0 0.0 0.0 0.0
53.4 2.9375 8.875 4.0625 1.0 0.0 0.0 0.0
53.6 2.875 8.8125 4.0 1.0 0.0 0.0 0.0
53.8 2.875 8.75 4.0 1.0 0.0 0.0 0.0
54.0 2.8125 8.625 4.0 1.0 0.0 0.0 0.0
54.2 2.75 8.5625 3.9375 1.0 0.0 0.0 0.0
54.4 2.5 8.5 3.875 1.0 0.0 0.0 0.0
54.6 2.375 8.5 3.875 1.0 0.0 0.0 0.0
54.8 2.125 8.4375 3.875 1.0 0.0 0.0 0.0
55.0 2.0625 8.375 3.875 1.0 0.0 0.0 0.0
55.2 2.0625 8.375 3.875 1.0 0.0 0.0 0.0
55.4 2.0 8.3125 3.8125 1.0 0.0 0.0 0.0
55.6 1.9375 8.25 3.8125 1.0 0.0 0.0 0.0
55.8 1.9375 8.1875 3.8125 1.0 0.0 0.0 0.0
56.0 1.875 8.125 3.8125 1.0 0.0 0.0 0.0
56.2 1.8125 8.0625 3.8125 1.0 0.0 0.0 0.0
56.4 1.75 8.0 3.8125 1.0 0.0 0.0 0.0
56.6 1.6875 7.9375 3.8125 1.0 0.0 0.0 0.0
56.8 1.625 7.875 3.75 1.0 0.0 0.0 0.0
57.0 1.5625 7.8125 3.75 1.0 0.0 0.0 0.0
57.2 1.5 7.75 3.75 1.0 0.0 0.0 0.0
57.4 1.4375 7.6875 3.6875 1.0 0.0 0.0 0.0
57.6 1.375 7.625 3.6875 1.0 0.0 0.0 0.0
57.8 1.3125 7.5625 3.6875 1.0 0.0 0.0 0.0
58.0 1.25 7.5 3.6875 1.0 0.0 0.0 0.0
58.2 1.1875 7.4375 3.6875 1.0 0.0 0.0 0.0
58.4 1.125 7.375 3.6875 1.0 0.0 0.0 0.0
58.6 1.0 7.3125 3.6875 1.0 0.0 0.0 0.0
58.8 1.0 7.3125 3.6875 1.0 0.0 0.0 0.0
59.0 0.9375 7.25 3.6875 1.0 0.0 0.0 0.0
59.2 0.875 7.1875 3.6875 1.0 0.0 0.0 0.0
59.4 0.8125 7.125 3.6875 1.0 0.0 0.0 0.0
59.6 0.8125 7.0625 3.6875 1.0 0.0 0.0 0.0
59.8 0.75 7.0 3.75 1.0 0.0 0.0 0.0
60.0 0.75 7.0 3.75 1.0 0.0 0.0 0.0
60.2 0.6875 6.9375 3.75 1.0 0.0 0.0 0.0
60.4 0.625 6.875 3.75 1.0 0.0 0.0 0.0
60.6 0.5625 6.875 3.75 1.0 0.0 0.0 0.0
60.8 0.5 6.8125 3.75 1.0 0.0 0.0 0.0
61.0 0.4375 6.75 3.75 1.0 0.0 0.0 0.0
61.2 0.375 6.6875 3.75 1.0 0.0 0.0 0.0
61.4 0.375 6.625 3.75 1.0 0.0 0.0 0.0
61.6 0.3125 6.625 3.75 1.0 0.0 0.0 0.0
61.8 0.3125 6.5625 3.75 1.0 0.0 0.0 0.0
62.0 0.3125 6.5 3.75 1.0 0.0 0.0 0.0
62.2 0.25 6.4375 3.75 1.0 0.0 0.0 0.0
62.4 0.1875 6.375 3.75 1.0 0.0 0.0 0.0
62.6 0.125 6.375 3.75 1.0 0.0 0.0 0.0
62.8 0.0625 6.3125 3.75 1.0 0.0 0.0 0.0
63.0 0.0625 6.25 3.75 1.0 0.0 0.0 0.0
63.2 0.0 6.1875 3.6875 1.0 0.0 0.0 0.0
63.4 -0.0625 6.125 3.6875 1.0 0.0 0.0 0.0
63.6 -0.125 6.0625 3.6875 1.0 0.0 0.0 0.0
63.8 -0.125 6.0 3.625 1.0 0.0 0.0 0.0
64.0 -0.1875 5.9375 3.625 1.0 0.0 0.0 0.0
64.2 -0.25 5.875 3.625 1.0 0.0 0.0 0.0
64.4 -0.3125 5.875 3.5625 1.0 0.0 0.0 0.0
64.6 -0.3125 5.75 3.5 1.0 0.0 0.0 0.0
64.8 -0.3125 5.625 3.5 1.0 0.0 0.0 0.0
65.0 -0.375 5.5625 3.4375 1.0 0.0 0.0 0.0
65.2 -0.375 5.5 3.4375 1.0 0.0 0.0 0.0
65.4 -0.375 5.375 3.375 1.0 0.0 0.0 0.0
65.6 -0.375 5.3125 3.375 1.0 0.0 0.0 0.0
65.8 -0.375 5.25 3.375 1.0 0.0 0.0 0.0
66.0 -0.375 5.1875 3.375 1.0 0.0 0.0 0.0
66.2 -0.375 5.125 3.375 1.0 0.0 0.0 0.0
66.4 -0.375 5.125 3.375 1.0 0.0 0.0 0.0
66.6 -0.3125 5.0625 3.375 1.0 0.0 0.0 0.0
66.8 -0.25 5.0 3.0625 1.0 0.0 0.0 0.0
67.0 -0.1875 4.9375 3.0 1.0 0.0 0.0 0.0
67.2 -0.125 4.8125 3.0625 1.0 0.0 0.0 0.0
67.4 -0.0625 4.75 3.0625 1.0 0.0 0.0 0.0
67.6 0.0 4.75 3.0625 1.0 0.0 0.0 0.0
67.8 0.0625 4.6875 3.0625 1.0 0.0 0.0 0.0
68.0 0.375 4.625 3.0625 1.0 0.0 0.0 0.0
68.2 0.4375 4.5625 3.0625 1.0 0.0 0.0 0.0
68.4 0.625 4.5625 3.0625 1.0 0.0 0.0 0.0
68.6 0.6875 4.5 3.0 1.0 0.0 0.0 0.0
68.8 0.8125 4.4375 2.9375 1.0 0.0 0.0 0.0
69.0 0.875 4.375 2.9375 1.0 0.0 0.0 0.0
69.2 1.125 4.3125 2.9375 1.0 0.0 0.0 0.0
69.4 1.1875 4.3125 2.9375 1.0 0.0 0.0 0.0
69.6 1.4375 4.25 2.9375 1.0 0.0 0.0 0.0
69.8 1.5 4.1875 2.875 1.0 0.0 0.0 0.0
70.0 1.75 4.125 2.875 1.0 0.0 0.0 0.0
70.2 1.8125 4.0625 2.875 1.0 0.0 0.0 0.0
70.4 1.875 4.0 2.875 1.0 0.0 0.0 0.0
70.6 2.25 3.9375 2.8125 1.0 0.0 0.0 0.0
70.8 2.3125 3.875 2.8125 1.0 0.0 0.0 0.0
71.0 2.375 3.8125 2.8125 1.0 0.0 0.0 0.0
71.2 2.4375 3.75 2.8125 1.0 0.0 0.0 0.0
71.4 2.5 3.6875 2.8125 1.0 0.0 0.0 0.0
71.6 2.625 3.5625 2.75 1.0 0.0 0.0 0.0
71.8 2.75 3.375 2.75 1.0 0.0 0.0 0.0
72.0 2.8125 3.1875 2.75 1.0 0.0 0.0 0.0
72.2 2.9375 3.125 2.75 1.0 0.0 0.0 0.0
72.4 3.0625 3.0625 2.6875 1.0 0.0 0.0 0.0
72.6 3.1875 3.0 2.6875 1.0 0.0 0.0 0.0
72.8 3.25 3.0 2.625 1.0 0.0 0.0 0.0
73.0 3.5 2.9375 2.5625 1.0 0.0 0.0 0.0
73.2 3.5625 2.875 2.5625 1.0 0.0 0.0 0.0
73.4 4.3125 2.8125 2.4375 1.0 0.0 0.0 0.0
73.6 4.375 2.8125 2.4375 1.0 0.0 0.0 0.0
73.8 4.875 2.75 2.4375 1.0 0.0 0.0 0.0
74.0 4.9375 2.6875 2.375 1.0 0.0 0.0 0.0
74.2 5.0625 2.625 2.3125 1.0 0.0 0.0 0.0
74.4 5.25 2.625 2.3125 1.0 0.0 0.0 0.0
74.6 5.375 2.5625 2.25 1.0 0.0 0.0 0.0
74.8 5.4375 2.5 2.25 1.0 0.0 0.0 0.0
75.0 5.5 2.4375 2.25 1.0 0.0 0.0 0.0
75.2 5.5625 2.3125 2.1875 1.0 0.0 0.0 0.0
75.4 5.6875 2.25 2.0625 1.0 0.0 0.0 0.0
75.6 5.75 2.25 2.0625 1.0 0.0 0.0 0.0
75.8 6.0 2.1875 1.9375 1.0 0.0 0.0 0.0
76.0 6.0625 2.125 1.9375 1.0 0.0 0.0 0.0
76.2 6.5625 2.0625 1.875 1.0 0.0 0.0 0.0
76.4 6.6875 2.125 1.8125 1.0 0.0 0.0 0.0
76.6 7.0 2.1875 1.75 1.0 0.0 0.0 0.0
76.8 7.0625 2.125 1.6875 1.0 0.0 0.0 0.0
77.0 7.3125 2.0625 1.625 1.0 0.0 0.0 0.0
77.2 7.375 2.0 1.5625 1.0 0.0 0.0 0.0
77.4 7.625 1.9375 1.5 1.0 0.0 0.0 0.0
77.6 7.9375 1.9375 1.4375 1.0 0.0 0.0 0.0
77.8 8.0625 1.875 1.3125 1.0 0.0 0.0 0.0
78.0 8.125 1.8125 1.1875 1.0 0.0 0.0 0.0
78.2 8.1875 1.75 1.125 1.0 0.0 0.0 0.0
78.4 8.25 1.6875 1.0 1.0 0.0 0.0 0.0
78.6 8.375 1.6875 0.9375 1.0 0.0 0.0 0.0
78.8 8.4375 1.625 0.875 1.0 0.0 0.0 0.0
79.0 8.5625 1.625 0.8125 1.0 0.0 0.0 0.0
79.2 8.625 1.5625 0.75 1.0 0.0 0.0 0.0
79.4 8.6875 1.5625 0.6875 1.0 0.0 0.0 0.0
79.6 8.75 1.5625 0.6875 1.0 0.0 0.0 0.0
79.8 8.8125 1.5 0.5 1.0 0.0 0.0 0.0
80.0 8.9375 1.5 0.4375 1.0 0.0 0.0 0.0
80.2 9.1875 1.5 0.3125 1.0 0.0 0.0 0.0
80.4 9.3125 1.4375 0.1875 1.0 0.0 0.0 0.0
80.6 9.375 1.5 0.125 1.0 0.0 0.0 0.0
80.8 9.4375 1.4375 0.0 1.0 0.0 0.0 0.0
81.0 9.5625 1.4375 -0.125 1.0 0.0 0.0 0.0
81.2 9.6875 1.5 -0.1875 1.0 0.0 0.0 0.0
81.4 9.75 1.4375 -0.25 1.0 0.0 0.0 0.0
81.6 9.9375 1.4375 -0.3125 1.0 0.0 0.0 0.0
81.8 10.0625 1.5 -0.4375 1.0 0.0 0.0 0.0
82.0 10.625 1.5 -0.4375 1.0 0.0 0.0 0.0
82.2 10.8125 1.5 -0.5 1.0 0.0 0.0 0.0
82.4 10.875 1.4375 -0.5 1.0 0.0 0.0 0.0
82.6 11.375 1.375 -0.5625 1.0 0.0 0.0 0.0
82.8 11.375 1.375 -0.625 1.0 0.0 0.0 0.0
83.0 11.6875 1.375 -0.625 1.0 0.0 0.0 0.0
83.2 11.75 1.375 -0.625 1.0 0.0 0.0 0.0
83.4 11.875 1.3125 -0.6875 1.0 0.0 0.0 0.0
83.6 11.9375 1.3125 -0.6875 1.0 0.0 0.0 0.0
83.8 12.0625 1.3125 -0.75 1.0 0.0 0.0 0.0
84.0 12.125 1.375 -0.75 1.0 0.0 0.0 0.0
84.2 12.1875 1.3125 -0.75 1.0 0.0 0.0 0.0
84.4 12.1875 1.3125 -0.8125 1.0 0.0 0.0 0.0
84.6 12.25 1.25 -0.8125 1.0 0.0 0.0 0.0
84.8 12.3125 1.3125 -0.75 1.0 0.0 0.0 0.0
85.0 12.375 1.25 -0.75 1.0 0.0 0.0 0.0
85.2 12.375 1.1875 -0.8125 1.0 0.0 0.0 0.0
85.4 12.4375 1.125 -0.75 1.0 0.0 0.0 0.0
85.6 12.75 1.1875 -0.75 1.0 0.0 0.0 0.0
85.8 12.75 1.1875 -0.6875 1.0 0.0 0.0 0.0
86.0 12.875 1.125 -0.6875 1.0 0.0 0.0 0.0
86.2 12.9375 1.125 -0.625 1.0 0.0 0.0 0.0
86.4 12.9375 1.1875 -0.5625 1.0 0.0 0.0 0.0
86.6 12.9375 1.1875 -0.5 1.0 0.0 0.0 0.0
86.8 12.9375 1.25 -0.5 1.0 0.0 0.0 0.0
87.0 13.4375 1.1875 -0.4375 1.0 0.0 0.0 0.0
87.2 13.4375 1.1875 -0.375 1.0 0.0 0.0 0.0
87.4 13.9375 1.125 -0.3125 1.0 0.0 0.0 0.0
87.6 14.0 1.25 -0.25 1.0 0.0 0.0 0.0
87.8 14.125 1.3125 -0.3125 1.0 0.0 0.0 0.0
88.0 14.0625 1.5 -0.25 1.0 0.0 0.0 0.0
88.2 14.1875 1.5 -0.1875 1.0 0.0 0.0 0.0
88.4 14.3125 1.5 -0.125 1.0 0.0 0.0 0.0
88.6 14.3125 1.5625 -0.125 1.0 0.0 0.0 0.0
88.8 14.375 1.5625 -0.125 1.0 0.0 0.0 0.0
89.0 14.375 1.625 -0.125 1.0 0.0 0.0 0.0
89.2 14.3125 1.6875 -0.125 1.0 0.0 0.0 0.0
89.4 14.3125 1.75 -0.125 1.0 0.0 0.0 0.0
89.6 14.3125 1.8125 -0.125 1.0 0.0 0.0 0.0
89.8 14.3125 1.8125 -0.125 1.0 0.0 0.0 0.0
90.0 14.3125 1.875 -0.0625 1.0 0.0 0.0 0.0
90.2 14.3125 2.0 -0.0625 1.0 0.0 0.0 0.0
90.4 14.375 2.0 -0.125 1.0 0.0 0.0 0.0
90.6 14.3125 2.125 -0.125 1.0 0.0 0.0 0.0
90.8 14.3125 2.125 -0.0625 1.0 0.0 0.0 0.0
91.0 14.375 2.3125 -0.1875 1.0 0.0 0.0 0.0
91.2 14.375 2.3125 -0.4375 1.0 0.0 0.0 0.0
91.4 14.3125 2.4375 -0.4375 1.0 0.0 0.0 0.0
91.6 14.3125 2.4375 -0.5 1.0 0.0 0.0 0.0
91.8 14.375 2.4375 -0.6875 1.0 0.0 0.0 0.0
92.0 14.375 2.5 -0.6875 1.0 0.0 0.0 0.0
92.2 14.375 2.8125 -0.75 1.0 0.0 0.0 0.0
92.4 14.375 2.8125 -0.75 1.0 0.0 0.0 0.0
92.6 14.3125 2.8125 -0.75 1.0 0.0 0.0 0.0
92.8 14.1875 3.0 -0.8125 1.0 0.0 0.0 0.0
93.0 14.125 3.125 -0.8125 1.0 0.0 0.0 0.0
93.2 14.0625 3.1875 -0.875 1.0 0.0 0.0 0.0
93.4 14.1875 3.1875 -0.875 1.0 0.0 0.0 0.0
93.6 14.1875 3.1875 -0.9375 1.0 0.0 0.0 0.0
93.8 14.25 3.3125 -0.9375 1.0 0.0 0.0 0.0
94.0 14.25 3.375 -0.9375 1.0 0.0 0.0 0.0
94.2 14.25 3.625 -1.0 1.0 0.0 0.0 0.0
94.4 14.3125 3.6875 -1.0625 1.0 0.0 0.0 0.0
94.6 14.25 3.75 -1.0625 1.0 0.0 0.0 0.0
94.8 14.5625 3.8125 -1.0625 1.0 0.0 0.0 0.0
95.0 14.75 4.0 -1.125 1.0 0.0 0.0 0.0
95.2 14.8125 4.0625 -1.125 1.0 0.0 0.0 0.0
95.4 14.875 4.0625 -1.125 1.0 0.0 0.0 0.0
95.6 14.875 4.1875 -1.125 1.0 0.0 0.0 0.0
95.8 14.875 4.25 -1.1875 1.0 0.0 0.0 0.0
96.0 15.0 4.625 -1.1875 1.0 0.0 0.0 0.0
96.2 15.125 5.0 -1.25 1.0 0.0 0.0 0.0
96.4 15.1875 5.1875 -1.3125 1.0 0.0 0.0 0.0
96.6 15.1875 5.3125 -1.5 1.0 0.0 0.0 0.0
96.8 15.25 5.375 -1.5 1.0 0.0 0.0 0.0
97.0 15.3125 5.5625 -1.5625 1.0 0.0 0.0 0.0
97.2 15.3125 5.75 -1.5625 1.0 0.0 0.0 0.0
97.4 15.25 6.125 -1.625 1.0 0.0 0.0 0.0
97.6 15.25 6.1875 -1.625 1.0 0.0 0.0 0.0
97.8 15.1875 6.25 -1.6875 1.0 0.0 0.0 0.0
98.0 15.3125 6.25 -1.6875 1.0 0.0 0.0 0.0
98.2 15.3125 6.3125 -1.75 1.0 0.0 0.0 0.0
98.4 15.25 6.375 -1.8125 1.0 0.0 0.0 0.0
98.6 15.25 6.4375 -1.8125 1.0 0.0 0.0 0.0
98.8 15.1875 6.5 -1.875 1.0 0.0 0.0 0.0
99.0 15.1875 6.625 -1.875 1.0 0.0 0.0 0.0
99.2 15.125 6.6875 -2.0 1.0 0.0 0.0 0.0
99.4 15.0625 6.8125 -2.0 1.0 0.0 0.0 0.0
99.6 15.375 6.875 -2.0625 1.0 0.0 0.0 0.0
99.8 15.3125 6.9375 -2.125 1.0 0.0 0.0 0.0
100.0 15.25 7.0625 -2.125 1.0 0.0 0.0 0.0
100.2 15.1875 7.125 -2.125 1.0 0.0 0.0 0.0
100.4 15.375 7.25 -2.25 1.0 0.0 0.0 0.0
100.6 15.3125 7.25 -2.25 1.0 0.0 0.0 0.0
100.8 15.6875 7.3125 -2.3125 1.0 0.0 0.0 0.0
101.0 15.625 7.375 -2.3125 1.0 0.0 0.0 0.0
101.2 15.5625 7.4375 -2.375 1.0 0.0 0.0 0.0
101.4 15.5 7.4375 -2.4375 1.0 0.0 0.0 0.0
101.6 15.4375 7.4375 -2.4375 1.0 0.0 0.0 0.0
101.8 15.375 7.5 -2.5 1.0 0.0 0.0 0.0
102.0 15.3125 7.5 -2.5 1.0 0.0 0.0 0.0
102.2 15.4375 7.5625 -2.5625 1.0 0.0 0.0 0.0
102.4 15.375 7.5625 -2.625 1.0 0.0 0.0 0.0
102.6 15.375 7.625 -2.625 1.0 0.0 0.0 0.0
102.8 15.3125 7.625 -2.625 1.0 0.0 0.0 0.0
103.0 15.3125 7.625 -2.625 1.0 0.0 0.0 0.0
103.2 15.25 7.625 -2.6875 1.0 0.0 0.0 0.0
103.4 15.75 7.625 -2.6875 1.0 0.0 0.0 0.0
103.6 15.9375 7.6875 -2.75 1.0 0.0 0.0 0.0
103.8 15.875 7.6875 -2.75 1.0 0.0 0.0 0.0
104.0 15.8125 7.625 -2.8125 1.0 0.0 0.0 0.0
104.2 16.0625 7.5 -2.8125 1.0 0.0 0.0 0.0
104.4 16.0 7.4375 -2.8125 1.0 0.0 0.0 0.0
104.6 15.9375 7.375 -2.9375 1.0 0.0 0.0 0.0
104.8 16.0 7.3125 -3.0 1.0 0.0 0.0 0.0
105.0 16.0 7.25 -3.0 1.0 0.0 0.0 0.0
105.2 15.9375 7.1875 -3.0 1.0 0.0 0.0 0.0
105.4 15.9375 7.125 -3.0625 1.0 0.0 0.0 0.0
105.6 15.875 7.125 -3.0625 1.0 0.0 0.0 0.0
105.8 15.875 7.125 -3.0625 1.0 0.0 0.0 0.0
106.0 15.8125 7.0 -3.125 1.0 0.0 0.0 0.0
106.2 15.75 6.9375 -3.125 1.0 0.0 0.0 0.0
106.4 15.6875 6.9375 -3.125 1.0 0.0 0.0 0.0
106.6 15.6875 6.875 -3.1875 1.0 0.0 0.0 0.0
106.8 15.625 6.875 -3.1875 1.0 0.0 0.0 0.0
107.0 15.5625 6.9375 -3.1875 1.0 0.0 0.0 0.0
107.2 16.0 6.9375 -3.1875 1.0 0.0 0.0 0.0
107.4 16.0 6.875 -3.25 1.0 0.0 0.0 0.0
107.6 16.125 6.875 -3.25 1.0 0.0 0.0 0.0
107.8 16.125 6.875 -3.3125 1.0 0.0 0.0 0.0
108.0 16.125 6.8125 -3.3125 1.0 0.0 0.0 0.0
108.2 16.1875 6.8125 -3.3125 1.0 0.0 0.0 0.0
108.4 16.1875 6.75 -3.3125 1.0 0.0 0.0 0.0
108.6 16.25 6.75 -3.375 1.0 0.0 0.0 0.0
108.8 16.3125 7.0625 -3.375 1.0 0.0 0.0 0.0
109.0 16.3125 7.0625 -3.375 1.0 0.0 0.0 0.0
109.2 16.375 7.125 -3.375 1.0 0.0 0.0 0.0
109.4 16.4375 7.125 -3.3125 1.0 0.0 0.0 0.0
109.6 16.4375 7.125 -3.3125 1.0 0.0 0.0 0.0
109.8 16.4375 7.1875 -3.3125 1.0 0.0 0.0 0.0
110.0 16.5 7.125 -3.3125 1.0 0.0 0.0 0.0
110.2 16.5625 7.125 -3.375 1.0 0.0 0.0 0.0
110.4 16.5625 7.1875 -3.375 1.0 0.0 0.0 0.0
110.6 16.5625 7.1875 -3.3125 1.0 0.0 0.0 0.0
110.8 16.875 7.1875 -3.3125 1.0 0.0 0.0 0.0
111.0 16.9375 7.1875 -3.3125 1.0 0.0 0.0 0.0
111.2 16.9375 7.25 -3.375 1.0 0.0 0.0 0.0
111.4 17.0625 7.1875 -3.375 1.0 0.0 0.0 0.0
111.6 17.0625 7.25 -3.4375 1.0 0.0 0.0 0.0
111.8 17.0 7.25 -3.375 1.0 0.0 0.0 0.0
112.0 17.0625 7.1875 -3.4375 1.0 0.0 0.0 0.0
112.2 17.125 7.1875 -3.5 1.0 0.0 0.0 0.0
112.4 17.125 7.0625 -3.5 1.0 0.0 0.0 0.0
112.6 17.0625 7.0 -3.5 1.0 0.0 0.0 0.0
112.8 17.0625 6.875 -3.5 1.0 0.0 0.0 0.0
113.0 17.0625 6.875 -3.4375 1.0 0.0 0.0 0.0
113.2 17.0625 6.625 -3.5625 1.0 0.0 0.0 0.0
113.4 17.0625 6.5625 -3.6875 1.0 0.0 0.0 0.0
113.6 17.0625 6.5625 -3.6875 1.0 0.0 0.0 0.0
113.8 17.125 6.4375 -3.6875 1.0 0.0 0.0 0.0
114.0 17.125 6.375 -3.6875 1.0 0.0 0.0 0.0
114.2 17.1875 6.3125 -3.6875 1.0 0.0 0.0 0.0
114.4 17.25 6.25 -3.6875 1.0 0.0 0.0 0.0
114.6 17.25 6.3125 -3.6875 1.0 0.0 0.0 0.0
114.8 17.125 6.375 -3.6875 1.0 0.0 0.0 0.0
115.0 17.125 6.3125 -3.6875 1.0 0.0 0.0 0.0
115.2 17.125 6.25 -3.6875 1.0 0.0 0.0 0.0
115.4 17.125 6.25 -3.6875 1.0 0.0 0.0 0.0
115.6 17.125 6.375 -3.75 1.0 0.0 0.0 0.0
115.8 17.125 6.375 -3.75 1.0 0.0 0.0 0.0
116.0 17.125 6.4375 -3.8125 1.0 0.0 0.0 0.0
116.2 17.125 6.4375 -3.75 1.0 0.0 0.0 0.0
116.4 17.125 6.4375 -3.75 1.0 0.0 0.0 0.0
116.6 17.1875 6.375 -3.75 1.0 0.0 0.0 0.0
116.8 17.1875 6.375 -3.8125 1.0 0.0 0.0 0.0
117.0 17.1875 6.3125 -3.8125 1.0 0.0 0.0 0.0
117.2 17.25 6.375 -3.6875 1.0 0.0 0.0 0.0
117.4 17.3125 6.6875 -3.6875 1.0 0.0 0.0 0.0
117.6 17.4375 6.625 -3.625 1.0 0.0 0.0 0.0
117.8 17.5 6.5625 -3.625 1.0 0.0 0.0 0.0
118.0 17.5625 6.625 -3.625 1.0 0.0 0.0 0.0
118.2 17.5625 6.8125 -3.5625 1.0 0.0 0.0 0.0
118.4 17.625 6.75 -3.5 1.0 0.0 0.0 0.0
118.6 17.6875 6.6875 -3.5 1.0 0.0 0.0 0.0
118.8 17.75 6.6875 -3.4375 1.0 0.0 0.0 0.0
119.0 17.8125 6.6875 -3.5 1.0 0.0 0.0 0.0
119.2 17.8125 6.75 -3.4375 1.0 0.0 0.0 0.0
119.4 17.875 6.6875 -3.375 1.0 0.0 0.0 0.0
119.6 17.875 6.625 -3.4375 1.0 0.0 0.0 0.0
119.8 17.9375 6.5625 -3.5 1.0 0.0 0.0 0.0
120.0 18.0 6.5625 -3.625 1.0 0.0 0.0 0.0
120.2 18.0625 6.6875 -3.6875 1.0 0.0 0.0 0.0
120.4 18.0625 6.75 -3.6875 1.0 0.0 0.0 0.0
120.6 18.0625 6.75 -3.8125 1.0 0.0 0.0 0.0
120.8 18.1875 6.5625 -3.8125 1.0 0.0 0.0 0.0
121.0 18.1875 6.5625 -3.8125 1.0 0.0 0.0 0.0
121.2 18.1875 6.5625 -3.875 1.0 0.0 0.0 0.0
121.4 18.1875 6.5 -3.9375 1.0 0.0 0.0 0.0
121.6 18.1875 6.4375 -4.0 1.0 0.0 0.0 0.0
121.8 18.25 6.4375 -4.0 1.0 0.0 0.0 0.0
122.0 18.3125 6.375 -4.0 1.0 0.0 0.0 0.0
122.2 18.3125 6.375 -4.125 1.0 0.0 0.0 0.0
122.4 18.3125 6.375 -4.125 1.0 0.0 0.0 0.0
122.6 18.3125 6.375 -4.1875 1.0 0.0 0.0 0.0
122.8 18.3125 6.4375 -4.1875 1.0 0.0 0.0 0.0
123.0 18.3125 6.5625 -4.25 1.0 0.0 0.0 0.0
123.2 18.3125 6.6875 -4.3125 1.0 0.0 0.0 0.0
123.4 18.3125 6.75 -4.3125 1.0 0.0 0.0 0.0
123.6 18.375 6.8125 -4.375 1.0 0.0 0.0 0.0
123.8 18.375 6.875 -4.375 1.0 0.0 0.0 0.0
124.0 18.3125 6.9375 -4.4375 1.0 0.0 0.0 0.0
124.2 18.3125 7.0 -4.5 1.0 0.0 0.0 0.0
124.4 18.3125 7.0625 -4.5 1.0 0.0 0.0 0.0
124.6 18.3125 7.0625 -4.5 1.0 0.0 0.0 0.0
124.8 18.3125 7.125 -4.5 1.0 0.0 0.0 0.0
125.0 18.125 7.1875 -4.5625 1.0 0.0 0.0 0.0
125.2 18.125 7.25 -4.5625 1.0 0.0 0.0 0.0
125.4 18.125 7.3125 -4.5625 1.0 0.0 0.0 0.0
125.6 18.125 7.375 -4.5625 1.0 0.0 0.0 0.0
125.8 18.125 7.4375 -4.5625 1.0 0.0 0.0 0.0
126.0 18.0625 7.5625 -4.5625 1.0 0.0 0.0 0.0
126.2 18.0625 7.5625 -4.5625 1.0 0.0 0.0 0.0
126.4 18.0 7.625 -4.5625 1.0 0.0 0.0 0.0
126.6 18.0 7.625 -4.5625 1.0 0.0 0.0 0.0
126.8 17.9375 7.625 -4.5625 1.0 0.0 0.0 0.0
127.0 17.9375 7.625 -4.625 1.0 0.0 0.0 0.0
127.2 17.9375 7.5625 -4.625 1.0 0.0 0.0 0.0
127.4 17.9375 7.5 -4.625 1.0 0.0 0.0 0.0
127.6 17.9375 7.375 -4.625 1.0 0.0 0.0 0.0
127.8 17.9375 7.375 -4.625 1.0 0.0 0.0 0.0
128.0 17.9375 7.3125 -4.75 1.0 0.0 0.0 0.0
128.2 17.9375 7.3125 -4.75 1.0 0.0 0.0 0.0
128.4 17.9375 7.4375 -4.8125 1.0 0.0 0.0 0.0
128.6 17.9375 7.375 -4.8125 1.0 0.0 0.0 0.0
128.8 17.9375 7.375 -4.875 1.0 0.0 0.0 0.0
129.0 17.9375 7.375 -4.9375 1.0 0.0 0.0 0.0
129.2 17.875 7.375 -4.9375 1.0 0.0 0.0 0.0
129.4 17.875 7.375 -5.0 1.0 0.0 0.0 0.0
129.6 17.875 7.375 -5.0 1.0 0.0 0.0 0.0
129.8 17.8125 7.375 -5.0625 1.0 0.0 0.0 0.0
130.0 17.8125 7.3125 -5.0625 1.0 0.0 0.0 0.0
130.2 17.8125 7.3125 -5.0625 1.0 0.0 0.0 0.0
130.4 17.875 7.5 -5.125 1.0 0.0 0.0 0.0
130.6 17.8125 7.625 -5.375 1.0 0.0 0.0 0.0
130.8 17.8125 7.75 -5.625 1.0 0.0 0.0 0.0
131.0 17.8125 7.875 -5.625 1.0 0.0 0.0 0.0
131.2 17.8125 8.0 -5.625 1.0 0.0 0.0 0.0
131.4 17.75 8.0 -5.625 1.0 0.0 0.0 0.0
131.6 17.6875 8.0 -5.625 1.0 0.0 0.0 0.0
131.8 17.625 8.0625 -5.625 1.0 0.0 0.0 0.0
132.0 17.625 8.0625 -5.6875 1.0 0.0 0.0 0.0
132.2 17.625 8.125 -5.6875 1.0 0.0 0.0 0.0
132.4 17.5 8.125 -5.8125 1.0 0.0 0.0 0.0
132.6 17.3125 8.1875 -5.875 1.0 0.0 0.0 0.0
132.8 17.125 8.25 -5.9375 1.0 0.0 0.0 0.0
133.0 17.125 8.25 -5.9375 1.0 0.0 0.0 0.0
