0.0 2.6875 4.0625 3.875 1.0 0.0 0.0 0.0
0.2 2.75 4.0625 3.875 1.0 0.0 0.0 0.0
0.4 2.8125 4.0 3.875 1.0 0.0 0.0 0.0
0.6 2.8125 4.0 3.875 1.0 0.0 0.0 0.0
0.8 2.8125 3.9375 3.8125 1.0 0.0 0.0 0.0
1.0 2.875 3.875 3.8125 1.0 0.0 0.0 0.0
1.2 2.875 3.875 3.75 1.0 0.0 0.0 0.0
1.4 2.875 3.875 3.75 1.0 0.0 0.0 0.0
1.6 2.875 3.875 3.75 1.0 0.0 0.0 0.0
1.8 2.875 3.875 3.75 1.0 0.0 0.0 0.0
2.0 2.8125 3.875 3.75 1.0 0.0 0.0 0.0
2.2 2.875 3.875 3.75 1.0 0.0 0.0 0.0
2.4 2.9375 3.8125 3.75 1.0 0.0 0.0 0.0
2.6 2.9375 3.8125 3.75 1.0 0.0 0.0 0.0
2.8 3.0 3.8125 3.75 1.0 0.0 0.0 0.0
3.0 3.0 3.8125 3.75 1.0 0.0 0.0 0.0
3.2 3.0625 3.75 3.75 1.0 0.0 0.0 0.0
3.4 3.0625 3.75 3.75 1.0 0.0 0.0 0.0
3.6 3.125 3.75 3.75 1.0 0.0 0.0 0.0
3.8 3.125 3.75 3.75 1.0 0.0 0.0 0.0
4.0 3.1875 3.75 3.75 1.0 0.0 0.0 0.0
4.2 3.1875 3.75 3.75 1.0 0.0 0.0 0.0
4.4 3.1875 3.75 3.75 1.0 0.0 0.0 0.0
4.6 3.25 3.8125 3.75 1.0 0.0 0.0 0.0
4.8 3.3125 3.8125 3.75 1.0 0.0 0.0 0.0
5.0 3.375 3.8125 3.75 1.0 0.0 0.0 0.0
5.2 3.375 3.8125 3.75 1.0 0.0 0.0 0.0
5.4 3.4375 3.875 3.75 1.0 0.0 0.0 0.0
5.6 3.4375 3.875 3.75 1.0 0.0 0.0 0.0
5.8 3.5 3.875 3.75 1.0 0.0 0.0 0.0
6.0 3.5625 3.9375 3.75 1.0 0.0 0.0 0.0
6.2 3.5625 4.0 3.75 1.0 0.0 0.0 0.0
6.4 3.5625 4.0625 3.75 1.0 0.0 0.0 0.0
6.6 3.6875 4.125 3.75 1.0 0.0 0.0 0.0
6.8 3.6875 4.1875 3.75 1.0 0.0 0.0 0.0
7.0 3.6875 4.1875 3.75 1.0 0.0 0.0 0.0
7.2 3.9375 4.1875 3.6875 1.0 0.0 0.0 0.0
7.4 4.0 4.1875 3.6875 1.0 0.0 0.0 0.0
7.6 4.0 4.25 3.6875 1.0 0.0 0.0 0.0
7.8 4.0 4.1875 3.6875 1.0 0.0 0.0 0.0
8.0 4.0 4.25 3.6875 1.0 0.0 0.0 0.0
8.2 4.0625 4.3125 3.6875 1.0 0.0 0.0 0.0
8.4 4.125 4.375 3.6875 1.0 0.0 0.0 0.0
8.6 4.125 4.5 3.6875 1.0 0.0 0.0 0.0
8.8 4.1875 4.5625 3.6875 1.0 0.0 0.0 0.0
9.0 4.25 4.6875 3.6875 1.0 0.0 0.0 0.0
9.2 4.25 4.875 3.6875 1.0 0.0 0.0 0.0
9.4 4.375 5.0 3.6875 1.0 0.0 0.0 0.0
9.6 4.4375 5.1875 3.6875 1.0 0.0 0.0 0.0
9.8 4.5 5.25 3.6875 1.0 0.0 0.0 0.0
10.0 4.5625 5.3125 3.6875 1.0 0.0 0.0 0.0
10.2 4.625 5.375 3.6875 1.0 0.0 0.0 0.0
10.4 4.625 5.4375 3.6875 1.0 0.0 0.0 0.0
10.6 4.625 5.5 3.6875 1.0 0.0 0.0 0.0
10.8 4.625 5.625 3.6875 1.0 0.0 0.0 0.0
11.0 4.625 5.6875 3.75 1.0 0.0 0.0 0.0
11.2 4.625 5.75 3.75 1.0 0.0 0.0 0.0
11.4 4.625 5.8125 3.75 1.0 0.0 0.0 0.0
11.6 4.625 5.8125 3.8125 1.0 0.0 0.0 0.0
11.8 4.6875 5.875 3.8125 1.0 0.0 0.0 0.0
12.0 4.6875 5.9375 3.8125 1.0 0.0 0.0 0.0
12.2 4.6875 6.0 3.8125 1.0 0.0 0.0 0.0
12.4 4.6875 6.0625 3.8125 1.0 0.0 0.0 0.0
12.6 4.6875 6.0625 3.8125 1.0 0.0 0.0 0.0
12.8 4.6875 6.125 3.8125 1.0 0.0 0.0 0.0
13.0 4.75 6.125 3.875 1.0 0.0 0.0 0.0
13.2 4.75 6.1875 3.875 1.0 0.0 0.0 0.0
13.4 4.75 6.25 3.875 1.0 0.0 0.0 0.0
13.6 4.75 6.3125 3.875 1.0 0.0 0.0 0.0
13.8 4.8125 6.3125 3.9375 1.0 0.0 0.0 0.0
14.0 4.8125 6.3125 3.9375 1.0 0.0 0.0 0.0
14.2 4.8125 6.375 3.9375 1.0 0.0 0.0 0.0
14.4 4.8125 6.4375 4.0 1.0 0.0 0.0 0.0
14.6 4.75 6.5 4.0 1.0 0.0 0.0 0.0
14.8 4.75 6.5 4.0 1.0 0.0 0.0 0.0
15.0 4.6875 6.625 4.0 1.0 0.0 0.0 0.0
15.2 4.6875 6.625 4.0 1.0 0.0 0.0 0.0
15.4 4.6875 6.75 4.0625 1.0 0.0 0.0 0.0
15.6 4.5625 6.875 4.0625 1.0 0.0 0.0 0.0
15.8 4.4375 7.0 4.0625 1.0 0.0 0.0 0.0
16.0 4.375 7.0625 4.125 1.0 0.0 0.0 0.0
16.2 4.25 7.0625 4.125 1.0 0.0 0.0 0.0
16.4 4.125 7.125 4.125 1.0 0.0 0.0 0.0
16.6 4.0625 7.1875 4.125 1.0 0.0 0.0 0.0
16.8 4.0625 7.25 4.125 1.0 0.0 0.0 0.0
17.0 4.0 7.25 4.125 1.0 0.0 0.0 0.0
17.2 3.9375 7.3125 4.1875 1.0 0.0 0.0 0.0
17.4 3.9375 7.3125 4.1875 1.0 0.0 0.0 0.0
17.6 3.875 7.375 4.1875 1.0 0.0 0.0 0.0
17.8 3.8125 7.375 4.1875 1.0 0.0 0.0 0.0
18.0 3.75 7.4375 4.25 1.0 0.0 0.0 0.0
18.2 3.75 7.5 4.25 1.0 0.0 0.0 0.0
18.4 3.6875 7.5625 4.25 1.0 0.0 0.0 0.0
18.6 3.625 7.625 4.25 1.0 0.0 0.0 0.0
18.8 3.625 7.6875 4.25 1.0 0.0 0.0 0.0
19.0 3.5625 7.6875 4.3125 1.0 0.0 0.0 0.0
19.2 3.5625 7.6875 4.3125 1.0 0.0 0.0 0.0
19.4 3.5 7.75 4.3125 1.0 0.0 0.0 0.0
19.6 3.5 7.75 4.3125 1.0 0.0 0.0 0.0
19.8 3.4375 7.8125 4.3125 1.0 0.0 0.0 0.0
20.0 3.375 7.875 4.3125 1.0 0.0 0.0 0.0
20.2 3.375 7.875 4.3125 1.0 0.0 0.0 0.0
20.4 3.375 7.875 4.3125 1.0 0.0 0.0 0.0
20.6 3.375 7.9375 4.3125 1.0 0.0 0.0 0.0
20.8 3.375 7.9375 4.3125 1.0 0.0 0.0 0.0
21.0 3.375 7.9375 4.3125 1.0 0.0 0.0 0.0
21.2 3.3125 7.9375 4.3125 1.0 0.0 0.0 0.0
21.4 3.25 8.0 4.3125 1.0 0.0 0.0 0.0
21.6 3.25 8.0 4.3125 1.0 0.0 0.0 0.0
21.8 3.25 8.0625 4.3125 1.0 0.0 0.0 0.0
22.0 3.25 8.125 4.3125 1.0 0.0 0.0 0.0
22.2 3.1875 8.1875 4.3125 1.0 0.0 0.0 0.0
22.4 3.125 8.25 4.375 1.0 0.0 0.0 0.0
22.6 3.125 8.25 4.3125 1.0 0.0 0.0 0.0
22.8 3.0625 8.25 4.3125 1.0 0.0 0.0 0.0
23.0 3.0 8.3125 4.3125 1.0 0.0 0.0 0.0
23.2 3.0 8.3125 4.375 1.0 0.0 0.0 0.0
23.4 3.0 8.375 4.375 1.0 0.0 0.0 0.0
23.6 2.9375 8.4375 4.375 1.0 0.0 0.0 0.0
23.8 2.9375 8.4375 4.375 1.0 0.0 0.0 0.0
24.0 2.9375 8.5625 4.375 1.0 0.0 0.0 0.0
24.2 2.9375 8.625 4.3125 1.0 0.0 0.0 0.0
24.4 2.9375 8.625 4.3125 1.0 0.0 0.0 0.0
24.6 3.0 8.6875 4.25 1.0 0.0 0.0 0.0
24.8 2.9375 8.6875 4.25 1.0 0.0 0.0 0.0
25.0 2.9375 8.75 4.25 1.0 0.0 0.0 0.0
25.2 2.875 8.75 4.25 1.0 0.0 0.0 0.0
25.4 2.875 8.8125 4.1875 1.0 0.0 0.0 0.0
25.6 2.8125 8.8125 4.1875 1.0 0.0 0.0 0.0
25.8 2.8125 8.875 4.1875 1.0 0.0 0.0 0.0
26.0 2.75 8.875 4.125 1.0 0.0 0.0 0.0
26.2 2.8125 8.9375 4.125 1.0 0.0 0.0 0.0
26.4 2.75 8.875 4.125 1.0 0.0 0.0 0.0
26.6 2.6875 8.9375 4.125 1.0 0.0 0.0 0.0
26.8 2.625 8.8125 4.125 1.0 0.0 0.0 0.0
27.0 2.625 8.75 4.0625 1.0 0.0 0.0 0.0
27.2 2.625 8.6875 4.0625 1.0 0.0 0.0 0.0
27.4 2.625 8.6875 4.0 1.0 0.0 0.0 0.0
27.6 2.5625 8.6875 4.0625 1.0 0.0 0.0 0.0
27.8 2.5 8.75 4.0 1.0 0.0 0.0 0.0
28.0 2.4375 8.8125 3.9375 1.0 0.0 0.0 0.0
28.2 2.375 8.75 3.9375 1.0 0.0 0.0 0.0
28.4 2.3125 8.75 4.0 1.0 0.0 0.0 0.0
28.6 2.3125 8.75 3.9375 1.0 0.0 0.0 0.0
28.8 2.25 8.75 3.9375 1.0 0.0 0.0 0.0
29.0 2.25 8.75 3.9375 1.0 0.0 0.0 0.0
29.2 2.25 8.625 3.875 1.0 0.0 0.0 0.0
29.4 2.1875 8.625 3.9375 1.0 0.0 0.0 0.0
29.6 2.1875 8.6875 3.9375 1.0 0.0 0.0 0.0
29.8 2.125 8.6875 3.9375 1.0 0.0 0.0 0.0
30.0 2.0625 8.6875 3.9375 1.0 0.0 0.0 0.0
30.2 2.0625 8.75 3.9375 1.0 0.0 0.0 0.0
30.4 2.0 8.75 3.9375 1.0 0.0 0.0 0.0
30.6 1.9375 8.8125 3.875 1.0 0.0 0.0 0.0
30.8 1.75 8.875 3.875 1.0 0.0 0.0 0.0
31.0 1.6875 9.0 3.8125 1.0 0.0 0.0 0.0
31.2 1.6875 9.0 3.8125 1.0 0.0 0.0 0.0
31.4 1.625 9.0625 3.8125 1.0 0.0 0.0 0.0
31.6 1.5625 9.125 3.8125 1.0 0.0 0.0 0.0
31.8 1.5625 9.125 3.8125 1.0 0.0 0.0 0.0
32.0 1.5625 9.125 3.8125 1.0 0.0 0.0 0.0
32.2 1.5625 9.1875 3.8125 1.0 0.0 0.0 0.0
32.4 1.5625 9.1875 3.8125 1.0 0.0 0.0 0.0
32.6 1.5 9.1875 3.8125 1.0 0.0 0.0 0.0
32.8 1.5 9.1875 3.75 1.0 0.0 0.0 0.0
33.0 1.5 9.1875 3.8125 1.0 0.0 0.0 0.0
33.2 1.5 9.1875 3.8125 1.0 0.0 0.0 0.0
33.4 1.5 9.25 3.8125 1.0 0.0 0.0 0.0
33.6 1.4375 9.25 3.8125 1.0 0.0 0.0 0.0
33.8 1.375 9.25 3.8125 1.0 0.0 0.0 0.0
34.0 1.4375 9.3125 3.8125 1.0 0.0 0.0 0.0
34.2 1.4375 9.3125 3.875 1.0 0.0 0.0 0.0
34.4 1.4375 9.3125 3.875 1.0 0.0 0.0 0.0
34.6 1.5 9.375 3.875 1.0 0.0 0.0 0.0
34.8 1.5 9.375 3.875 1.0 0.0 0.0 0.0
35.0 1.5 9.4375 3.875 1.0 0.0 0.0 0.0
35.2 1.5 9.4375 3.875 1.0 0.0 0.0 0.0
35.4 1.5625 9.4375 3.875 1.0 0.0 0.0 0.0
35.6 1.5625 9.5 4.0625 1.0 0.0 0.0 0.0
35.8 1.5625 9.5 4.0625 1.0 0.0 0.0 0.0
36.0 1.625 9.5 4.0625 1.0 0.0 0.0 0.0
36.2 1.75 9.5 4.0625 1.0 0.0 0.0 0.0
36.4 1.75 9.5 4.0625 1.0 0.0 0.0 0.0
36.6 1.75 9.5 4.0625 1.0 0.0 0.0 0.0
36.8 1.75 9.5 4.125 1.0 0.0 0.0 0.0
37.0 1.75 9.5 4.125 1.0 0.0 0.0 0.0
37.2 1.75 9.5625 4.125 1.0 0.0 0.0 0.0
37.4 1.8125 9.5625 4.25 1.0 0.0 0.0 0.0
37.6 1.875 9.625 4.25 1.0 0.0 0.0 0.0
37.8 1.875 9.625 4.25 1.0 0.0 0.0 0.0
38.0 1.9375 9.625 4.25 1.0 0.0 0.0 0.0
38.2 2.0 9.5625 4.3125 1.0 0.0 0.0 0.0
38.4 2.0625 9.5 4.375 1.0 0.0 0.0 0.0
38.6 2.125 9.375 4.4375 1.0 0.0 0.0 0.0
38.8 2.125 9.3125 4.4375 1.0 0.0 0.0 0.0
39.0 2.1875 9.25 4.5 1.0 0.0 0.0 0.0
39.2 2.1875 9.25 4.5625 1.0 0.0 0.0 0.0
39.4 2.25 9.25 4.6875 1.0 0.0 0.0 0.0
39.6 2.3125 9.1875 4.6875 1.0 0.0 0.0 0.0
39.8 2.375 9.1875 4.75 1.0 0.0 0.0 0.0
40.0 2.4375 9.1875 4.75 1.0 0.0 0.0 0.0
40.2 2.5625 9.1875 4.8125 1.0 0.0 0.0 0.0
40.4 2.5625 9.125 4.8125 1.0 0.0 0.0 0.0
40.6 2.625 9.0625 4.875 1.0 0.0 0.0 0.0
40.8 2.6875 9.0625 4.9375 1.0 0.0 0.0 0.0
41.0 2.75 9.0 5.0 1.0 0.0 0.0 0.0
41.2 2.75 9.0 5.125 1.0 0.0 0.0 0.0
41.4 2.75 9.0625 5.125 1.0 0.0 0.0 0.0
41.6 2.8125 9.0625 5.25 1.0 0.0 0.0 0.0
41.8 2.8125 9.0625 5.4375 1.0 0.0 0.0 0.0
42.0 2.875 9.0625 5.5625 1.0 0.0 0.0 0.0
42.2 2.875 9.0625 5.625 1.0 0.0 0.0 0.0
42.4 2.9375 9.125 5.6875 1.0 0.0 0.0 0.0
42.6 2.9375 9.125 5.5625 1.0 0.0 0.0 0.0
42.8 3.0 9.1875 5.5625 1.0 0.0 0.0 0.0
43.0 3.0 9.1875 5.625 1.0 0.0 0.0 0.0
43.2 3.0625 9.1875 5.625 1.0 0.0 0.0 0.0
43.4 3.0625 9.25 5.75 1.0 0.0 0.0 0.0
43.6 3.125 9.25 5.75 1.0 0.0 0.0 0.0
43.8 3.125 9.25 5.75 1.0 0.0 0.0 0.0
44.0 3.125 9.25 5.75 1.0 0.0 0.0 0.0
44.2 3.1875 9.25 5.75 1.0 0.0 0.0 0.0
44.4 3.25 9.1875 5.8125 1.0 0.0 0.0 0.0
44.6 3.25 9.1875 5.8125 1.0 0.0 0.0 0.0
44.8 3.375 9.25 5.8125 1.0 0.0 0.0 0.0
45.0 3.375 9.25 6.0 1.0 0.0 0.0 0.0
45.2 3.5625 9.1875 6.0625 1.0 0.0 0.0 0.0
45.4 3.5625 9.25 6.0 1.0 0.0 0.0 0.0
45.6 3.625 9.25 6.0 1.0 0.0 0.0 0.0
45.8 3.6875 9.25 6.0 1.0 0.0 0.0 0.0
46.0 3.75 9.25 5.9375 1.0 0.0 0.0 0.0
46.2 3.75 9.25 5.9375 1.0 0.0 0.0 0.0
46.4 3.9375 9.3125 5.9375 1.0 0.0 0.0 0.0
46.6 4.0 9.3125 5.875 1.0 0.0 0.0 0.0
46.8 4.125 9.3125 5.875 1.0 0.0 0.0 0.0
47.0 4.125 9.3125 5.75 1.0 0.0 0.0 0.0
47.2 4.1875 9.3125 5.5625 1.0 0.0 0.0 0.0
47.4 4.25 9.25 5.5625 1.0 0.0 0.0 0.0
47.6 4.375 9.25 5.5625 1.0 0.0 0.0 0.0
47.8 4.4375 9.1875 5.5 1.0 0.0 0.0 0.0
48.0 4.5 9.1875 5.5 1.0 0.0 0.0 0.0
48.2 4.5 9.125 5.5 1.0 0.0 0.0 0.0
48.4 4.5 9.125 5.4375 1.0 0.0 0.0 0.0
48.6 4.5 9.125 5.4375 1.0 0.0 0.0 0.0
48.8 4.5 9.0625 5.3125 1.0 0.0 0.0 0.0
49.0 4.5 9.0625 5.3125 1.0 0.0 0.0 0.0
49.2 4.4375 9.0 5.25 1.0 0.0 0.0 0.0
49.4 4.3125 9.0 5.1875 1.0 0.0 0.0 0.0
49.6 4.3125 8.9375 5.125 1.0 0.0 0.0 0.0
49.8 4.3125 8.875 5.0625 1.0 0.0 0.0 0.0
50.0 4.3125 8.875 4.9375 1.0 0.0 0.0 0.0
50.2 4.3125 8.875 4.9375 1.0 0.0 0.0 0.0
50.4 4.1875 8.875 4.875 1.0 0.0 0.0 0.0
50.6 4.1875 8.8125 4.8125 1.0 0.0 0.0 0.0
50.8 4.125 8.8125 4.75 1.0 0.0 0.0 0.0
51.0 4.125 8.75 4.6875 1.0 0.0 0.0 0.0
51.2 4.0 8.8125 4.625 1.0 0.0 0.0 0.0
51.4 3.9375 8.8125 4.5 1.0 0.0 0.0 0.0
51.6 3.875 8.75 4.4375 1.0 0.0 0.0 0.0
51.8 3.8125 8.75 4.375 1.0 0.0 0.0 0.0
52.0 3.8125 8.6875 4.3125 1.0 0.0 0.0 0.0
52.2 3.75 8.6875 4.25 1.0 0.0 0.0 0.0
52.4 3.75 8.625 4.1875 1.0 0.0 0.0 0.0
52.6 3.875 8.625 4.125 1.0 0.0 0.0 0.0
52.8 3.6875 8.5625 4.0625 1.0 0.0 0.0 0.0
53.0 3.4375 8.5 3.9375 1.0 0.0 0.0 0.0
53.2 3.3125 8.4375 3.9375 1.0 0.0 0.0 0.0
53.4 3.25 8.3125 3.875 1.0 0.0 0.0 0.0
53.6 3.1875 8.25 3.8125 1.0 0.0 0.0 0.0
53.8 3.1875 8.1875 3.8125 1.0 0.0 0.0 0.0
54.0 3.125 8.0625 3.8125 1.0 0.0 0.0 0.0
54.2 3.0 8.0 3.75 1.0 0.0 0.0 0.0
54.4 2.75 7.9375 3.6875 1.0 0.0 0.0 0.0
54.6 2.625 8.0 3.6875 1.0 0.0 0.0 0.0
54.8 2.375 8.0 3.6875 1.0 0.0 0.0 0.0
55.0 2.3125 8.0625 3.6875 1.0 0.0 0.0 0.0
55.2 2.25 8.125 3.6875 1.0 0.0 0.0 0.0
55.4 2.1875 8.125 3.625 1.0 0.0 0.0 0.0
55.6 2.125 8.125 3.625 1.0 0.0 0.0 0.0
55.8 2.125 8.0625 3.625 1.0 0.0 0.0 0.0
56.0 2.0625 8.0 3.625 1.0 0.0 0.0 0.0
56.2 2.0 8.0 3.625 1.0 0.0 0.0 0.0
56.4 1.9375 7.9375 3.625 1.0 0.0 0.0 0.0
56.6 1.875 7.875 3.625 1.0 0.0 0.0 0.0
56.8 1.8125 7.875 3.5625 1.0 0.0 0.0 0.0
57.0 1.75 7.8125 3.5625 1.0 0.0 0.0 0.0
57.2 1.6875 7.75 3.5625 1.0 0.0 0.0 0.0
57.4 1.625 7.6875 3.5 1.0 0.0 0.0 0.0
57.6 1.5625 7.6875 3.5 1.0 0.0 0.0 0.0
57.8 1.4375 7.625 3.5 1.0 0.0 0.0 0.0
58.0 1.375 7.5625 3.5 1.0 0.0 0.0 0.0
58.2 1.3125 7.5 3.5 1.0 0.0 0.0 0.0
58.4 1.25 7.4375 3.5 1.0 0.0 0.0 0.0
58.6 1.0625 7.375 3.5 1.0 0.0 0.0 0.0
58.8 1.0625 7.375 3.5 1.0 0.0 0.0 0.0
59.0 1.0 7.3125 3.5 1.0 0.0 0.0 0.0
59.2 0.9375 7.25 3.5625 1.0 0.0 0.0 0.0
59.4 0.875 7.125 3.5625 1.0 0.0 0.0 0.0
59.6 0.875 7.0625 3.5625 1.0 0.0 0.0 0.0
59.8 0.8125 7.0 3.625 1.0 0.0 0.0 0.0
60.0 0.875 6.9375 3.625 1.0 0.0 0.0 0.0
60.2 0.875 6.875 3.625 1.0 0.0 0.0 0.0
60.4 0.875 6.8125 3.625 1.0 0.0 0.0 0.0
60.6 0.8125 6.8125 3.625 1.0 0.0 0.0 0.0
60.8 0.8125 6.75 3.625 1.0 0.0 0.0 0.0
61.0 0.75 6.6875 3.6875 1.0 0.0 0.0 0.0
61.2 0.6875 6.625 3.6875 1.0 0.0 0.0 0.0
61.4 0.8125 6.5625 3.75 1.0 0.0 0.0 0.0
61.6 0.75 6.5 3.8125 1.0 0.0 0.0 0.0
61.8 0.8125 6.4375 3.875 1.0 0.0 0.0 0.0
62.0 0.8125 6.375 3.9375 1.0 0.0 0.0 0.0
62.2 0.75 6.3125 4.0625 1.0 0.0 0.0 0.0
62.4 0.6875 6.25 4.0625 1.0 0.0 0.0 0.0
62.6 0.6875 6.25 4.125 1.0 0.0 0.0 0.0
62.8 0.625 6.1875 4.1875 1.0 0.0 0.0 0.0
63.0 0.625 6.125 4.25 1.0 0.0 0.0 0.0
63.2 0.5625 6.0625 4.25 1.0 0.0 0.0 0.0
63.4 0.5 6.0 4.25 1.0 0.0 0.0 0.0
63.6 0.5 5.9375 4.3125 1.0 0.0 0.0 0.0
63.8 0.5 5.875 4.25 1.0 0.0 0.0 0.0
64.0 0.4375 5.8125 4.25 1.0 0.0 0.0 0.0
64.2 0.4375 5.75 4.25 1.0 0.0 0.0 0.0
64.4 0.375 5.75 4.1875 1.0 0.0 0.0 0.0
64.6 0.375 5.6875 4.125 1.0 0.0 0.0 0.0
64.8 0.375 5.625 4.125 1.0 0.0 0.0 0.0
65.0 0.375 5.5625 4.0625 1.0 0.0 0.0 0.0
65.2 0.375 5.4375 4.0625 1.0 0.0 0.0 0.0
65.4 0.375 5.3125 4.0 1.0 0.0 0.0 0.0
65.6 0.375 5.25 3.9375 1.0 0.0 0.0 0.0
65.8 0.375 5.125 3.9375 1.0 0.0 0.0 0.0
66.0 0.375 5.0625 3.875 1.0 0.0 0.0 0.0
66.2 0.375 5.0 3.875 1.0 0.0 0.0 0.0
66.4 0.375 5.0625 3.8125 1.0 0.0 0.0 0.0
66.6 0.4375 5.0 3.8125 1.0 0.0 0.0 0.0
66.8 0.5 4.9375 3.5 1.0 0.0 0.0 0.0
67.0 0.5625 4.875 3.4375 1.0 0.0 0.0 0.0
67.2 0.5625 4.8125 3.3125 1.0 0.0 0.0 0.0
67.4 0.625 4.75 3.3125 1.0 0.0 0.0 0.0
67.6 0.625 4.6875 3.3125 1.0 0.0 0.0 0.0
67.8 0.6875 4.625 3.25 1.0 0.0 0.0 0.0
68.0 0.75 4.5625 3.25 1.0 0.0 0.0 0.0
68.2 0.8125 4.5 3.25 1.0 0.0 0.0 0.0
68.4 0.8125 4.4375 3.25 1.0 0.0 0.0 0.0
68.6 0.875 4.375 3.1875 1.0 0.0 0.0 0.0
68.8 0.9375 4.3125 3.125 1.0 0.0 0.0 0.0
69.0 0.9375 4.25 3.125 1.0 0.0 0.0 0.0
69.2 0.9375 4.25 3.125 1.0 0.0 0.0 0.0
69.4 1.0 4.25 3.125 1.0 0.0 0.0 0.0
69.6 1.0625 4.1875 3.125 1.0 0.0 0.0 0.0
69.8 1.1875 4.125 3.0625 1.0 0.0 0.0 0.0
70.0 1.25 4.0625 3.0625 1.0 0.0 0.0 0.0
70.2 1.25 4.0 3.0 1.0 0.0 0.0 0.0
70.4 1.3125 3.9375 3.0 1.0 0.0 0.0 0.0
70.6 1.375 3.875 2.9375 1.0 0.0 0.0 0.0
70.8 1.4375 3.8125 2.9375 1.0 0.0 0.0 0.0
71.0 1.5 3.75 2.9375 1.0 0.0 0.0 0.0
71.2 1.5625 3.6875 2.9375 1.0 0.0 0.0 0.0
71.4 1.625 3.625 2.9375 1.0 0.0 0.0 0.0
71.6 1.75 3.5 2.875 1.0 0.0 0.0 0.0
71.8 1.8125 3.3125 2.875 1.0 0.0 0.0 0.0
72.0 1.875 3.125 2.875 1.0 0.0 0.0 0.0
72.2 1.875 3.125 2.875 1.0 0.0 0.0 0.0
72.4 1.9375 3.0625 2.8125 1.0 0.0 0.0 0.0
72.6 2.0 3.0 2.75 1.0 0.0 0.0 0.0
72.8 2.0 3.0 2.75 1.0 0.0 0.0 0.0
73.0 2.0625 2.9375 2.625 1.0 0.0 0.0 0.0
73.2 2.125 2.875 2.625 1.0 0.0 0.0 0.0
73.4 2.1875 2.8125 2.5625 1.0 0.0 0.0 0.0
73.6 2.25 2.875 2.5 1.0 0.0 0.0 0.0
73.8 2.25 2.8125 2.5 1.0 0.0 0.0 0.0
74.0 2.3125 2.75 2.4375 1.0 0.0 0.0 0.0
74.2 2.375 2.75 2.375 1.0 0.0 0.0 0.0
74.4 2.5 2.75 2.375 1.0 0.0 0.0 0.0
74.6 2.5625 2.75 2.3125 1.0 0.0 0.0 0.0
74.8 2.5625 2.75 2.3125 1.0 0.0 0.0 0.0
75.0 2.625 2.6875 2.3125 1.0 0.0 0.0 0.0
75.2 2.625 2.5625 2.25 1.0 0.0 0.0 0.0
75.4 2.75 2.5625 2.1875 1.0 0.0 0.0 0.0
75.6 2.75 2.5 2.1875 1.0 0.0 0.0 0.0
75.8 2.75 2.4375 2.125 1.0 0.0 0.0 0.0
76.0 2.8125 2.375 2.125 1.0 0.0 0.0 0.0
76.2 2.875 2.3125 2.0625 1.0 0.0 0.0 0.0
76.4 3.0 2.3125 2.0 1.0 0.0 0.0 0.0
76.6 3.0625 2.25 2.0 1.0 0.0 0.0 0.0
76.8 3.125 2.1875 1.9375 1.0 0.0 0.0 0.0
77.0 3.1875 2.125 1.9375 1.0 0.0 0.0 0.0
77.2 3.25 2.0625 1.9375 1.0 0.0 0.0 0.0
77.4 3.3125 2.0 1.9375 1.0 0.0 0.0 0.0
77.6 3.5625 2.0 1.875 1.0 0.0 0.0 0.0
77.8 3.5625 1.9375 1.75 1.0 0.0 0.0 0.0
78.0 3.625 1.875 1.625 1.0 0.0 0.0 0.0
78.2 3.625 1.75 1.5625 1.0 0.0 0.0 0.0
78.4 3.625 1.6875 1.375 1.0 0.0 0.0 0.0
78.6 3.6875 1.6875 1.3125 1.0 0.0 0.0 0.0
78.8 3.75 1.625 1.25 1.0 0.0 0.0 0.0
79.0 3.75 1.625 1.1875 1.0 0.0 0.0 0.0
79.2 3.8125 1.5 1.1875 1.0 0.0 0.0 0.0
79.4 3.875 1.5 1.125 1.0 0.0 0.0 0.0
79.6 3.9375 1.5 1.125 1.0 0.0 0.0 0.0
79.8 4.0 1.4375 1.0625 1.0 0.0 0.0 0.0
80.0 4.0625 1.4375 1.0625 1.0 0.0 0.0 0.0
80.2 4.0625 1.4375 1.0625 1.0 0.0 0.0 0.0
80.4 4.125 1.375 1.125 1.0 0.0 0.0 0.0
80.6 4.1875 1.375 1.125 1.0 0.0 0.0 0.0
80.8 4.25 1.3125 1.1875 1.0 0.0 0.0 0.0
81.0 4.3125 1.3125 1.125 1.0 0.0 0.0 0.0
81.2 4.375 1.3125 1.1875 1.0 0.0 0.0 0.0
81.4 4.5 1.25 1.375 1.0 0.0 0.0 0.0
81.6 4.5625 1.25 1.375 1.0 0.0 0.0 0.0
81.8 4.6875 1.25 1.375 1.0 0.0 0.0 0.0
82.0 4.8125 1.25 1.375 1.0 0.0 0.0 0.0
82.2 4.9375 1.25 1.4375 1.0 0.0 0.0 0.0
82.4 5.0 1.1875 1.4375 1.0 0.0 0.0 0.0
82.6 5.0625 1.125 1.4375 1.0 0.0 0.0 0.0
82.8 5.0625 1.125 1.4375 1.0 0.0 0.0 0.0
83.0 5.1875 1.0625 1.4375 1.0 0.0 0.0 0.0
83.2 5.1875 1.0625 1.4375 1.0 0.0 0.0 0.0
83.4 5.25 1.0 1.4375 1.0 0.0 0.0 0.0
83.6 5.3125 1.0 1.4375 1.0 0.0 0.0 0.0
83.8 5.375 1.0 1.4375 1.0 0.0 0.0 0.0
84.0 5.4375 1.0 1.4375 1.0 0.0 0.0 0.0
84.2 5.5 0.875 1.4375 1.0 0.0 0.0 0.0
84.4 5.5 0.875 1.4375 1.0 0.0 0.0 0.0
84.6 5.5625 0.75 1.4375 1.0 0.0 0.0 0.0
84.8 5.5625 0.6875 1.5 1.0 0.0 0.0 0.0
85.0 5.625 0.625 1.5 1.0 0.0 0.0 0.0
85.2 5.75 0.5625 1.5 1.0 0.0 0.0 0.0
85.4 5.8125 0.5 1.5625 1.0 0.0 0.0 0.0
85.6 5.8125 0.5 1.5625 1.0 0.0 0.0 0.0
85.8 5.8125 0.5 1.625 1.0 0.0 0.0 0.0
86.0 5.875 0.4375 1.625 1.0 0.0 0.0 0.0
86.2 5.875 0.4375 1.6875 1.0 0.0 0.0 0.0
86.4 5.875 0.3125 1.75 1.0 0.0 0.0 0.0
86.6 5.875 0.25 1.8125 1.0 0.0 0.0 0.0
86.8 5.875 0.25 1.8125 1.0 0.0 0.0 0.0
87.0 5.875 0.1875 1.875 1.0 0.0 0.0 0.0
87.2 5.875 0.1875 1.9375 1.0 0.0 0.0 0.0
87.4 5.875 0.1875 2.0 1.0 0.0 0.0 0.0
87.6 5.8125 0.1875 2.0625 1.0 0.0 0.0 0.0
87.8 5.8125 0.125 2.0625 1.0 0.0 0.0 0.0
88.0 5.75 0.0625 2.125 1.0 0.0 0.0 0.0
88.2 5.75 0.0625 2.1875 1.0 0.0 0.0 0.0
88.4 5.75 0.0625 2.25 1.0 0.0 0.0 0.0
88.6 5.75 0.0625 2.25 1.0 0.0 0.0 0.0
88.8 5.75 0.0625 2.25 1.0 0.0 0.0 0.0
89.0 5.75 0.0625 2.3125 1.0 0.0 0.0 0.0
89.2 5.625 0.125 2.25 1.0 0.0 0.0 0.0
89.4 5.625 0.125 2.25 1.0 0.0 0.0 0.0
89.6 5.625 0.1875 2.25 1.0 0.0 0.0 0.0
89.8 5.625 0.1875 2.25 1.0 0.0 0.0 0.0
90.0 5.5625 0.1875 2.3125 1.0 0.0 0.0 0.0
90.2 5.5625 0.25 2.3125 1.0 0.0 0.0 0.0
90.4 5.5 0.25 2.3125 1.0 0.0 0.0 0.0
90.6 5.4375 0.3125 2.3125 1.0 0.0 0.0 0.0
90.8 5.4375 0.3125 2.375 1.0 0.0 0.0 0.0
91.0 5.4375 0.4375 2.375 1.0 0.0 0.0 0.0
91.2 5.4375 0.4375 2.375 1.0 0.0 0.0 0.0
91.4 5.3125 0.5625 2.4375 1.0 0.0 0.0 0.0
91.6 5.3125 0.5625 2.4375 1.0 0.0 0.0 0.0
91.8 5.3125 0.5625 2.4375 1.0 0.0 0.0 0.0
92.0 5.25 0.625 2.4375 1.0 0.0 0.0 0.0
92.2 5.1875 0.625 2.4375 1.0 0.0 0.0 0.0
92.4 5.1875 0.625 2.4375 1.0 0.0 0.0 0.0
92.6 5.125 0.625 2.4375 1.0 0.0 0.0 0.0
92.8 5.0625 0.6875 2.4375 1.0 0.0 0.0 0.0
93.0 5.0625 0.6875 2.4375 1.0 0.0 0.0 0.0
93.2 5.0 0.6875 2.4375 1.0 0.0 0.0 0.0
93.4 5.0 0.6875 2.4375 1.0 0.0 0.0 0.0
93.6 4.9375 0.6875 2.4375 1.0 0.0 0.0 0.0
93.8 4.9375 0.6875 2.4375 1.0 0.0 0.0 0.0
94.0 4.875 0.6875 2.4375 1.0 0.0 0.0 0.0
94.2 4.875 0.8125 2.4375 1.0 0.0 0.0 0.0
94.4 4.875 0.8125 2.375 1.0 0.0 0.0 0.0
94.6 4.8125 0.875 2.375 1.0 0.0 0.0 0.0
94.8 4.75 0.875 2.375 1.0 0.0 0.0 0.0
95.0 4.6875 0.9375 2.375 1.0 0.0 0.0 0.0
95.2 4.5625 1.0 2.375 1.0 0.0 0.0 0.0
95.4 4.5625 1.0 2.375 1.0 0.0 0.0 0.0
95.6 4.5625 1.0625 2.375 1.0 0.0 0.0 0.0
95.8 4.5 1.125 2.375 1.0 0.0 0.0 0.0
96.0 4.5 1.125 2.375 1.0 0.0 0.0 0.0
96.2 4.5 1.1875 2.375 1.0 0.0 0.0 0.0
96.4 4.4375 1.3125 2.375 1.0 0.0 0.0 0.0
96.6 4.375 1.375 2.375 1.0 0.0 0.0 0.0
96.8 4.3125 1.3125 2.375 1.0 0.0 0.0 0.0
97.0 4.3125 1.4375 2.375 1.0 0.0 0.0 0.0
97.2 4.25 1.5 2.375 1.0 0.0 0.0 0.0
97.4 4.1875 1.5625 2.375 1.0 0.0 0.0 0.0
97.6 4.125 1.625 2.375 1.0 0.0 0.0 0.0
97.8 4.0625 1.6875 2.375 1.0 0.0 0.0 0.0
98.0 4.125 1.6875 2.375 1.0 0.0 0.0 0.0
98.2 4.0625 1.75 2.375 1.0 0.0 0.0 0.0
98.4 4.0 1.8125 2.375 1.0 0.0 0.0 0.0
98.6 3.9375 1.875 2.375 1.0 0.0 0.0 0.0
98.8 3.875 1.875 2.375 1.0 0.0 0.0 0.0
99.0 3.875 2.0 2.375 1.0 0.0 0.0 0.0
99.2 3.8125 2.0625 2.3125 1.0 0.0 0.0 0.0
99.4 3.75 2.125 2.3125 1.0 0.0 0.0 0.0
99.6 3.6875 2.25 2.3125 1.0 0.0 0.0 0.0
99.8 3.625 2.3125 2.25 1.0 0.0 0.0 0.0
100.0 3.5625 2.4375 2.25 1.0 0.0 0.0 0.0
100.2 3.5 2.5 2.1875 1.0 0.0 0.0 0.0
100.4 3.375 2.5625 2.125 1.0 0.0 0.0 0.0
100.6 3.3125 2.5625 2.0625 1.0 0.0 0.0 0.0
100.8 3.25 2.625 2.0625 1.0 0.0 0.0 0.0
101.0 3.125 2.6875 2.0 1.0 0.0 0.0 0.0
101.2 3.0625 2.6875 1.9375 1.0 0.0 0.0 0.0
101.4 3.0 2.6875 1.9375 1.0 0.0 0.0 0.0
101.6 2.9375 2.6875 1.9375 1.0 0.0 0.0 0.0
101.8 2.875 2.6875 1.875 1.0 0.0 0.0 0.0
102.0 2.8125 2.6875 1.875 1.0 0.0 0.0 0.0
102.2 2.75 2.75 1.875 1.0 0.0 0.0 0.0
102.4 2.625 2.75 1.8125 1.0 0.0 0.0 0.0
102.6 2.5625 2.75 1.8125 1.0 0.0 0.0 0.0
102.8 2.5 2.8125 1.8125 1.0 0.0 0.0 0.0
103.0 2.4375 2.8125 1.8125 1.0 0.0 0.0 0.0
103.2 2.375 2.8125 1.75 1.0 0.0 0.0 0.0
103.4 2.3125 2.8125 1.8125 1.0 0.0 0.0 0.0
103.6 2.25 2.8125 1.875 1.0 0.0 0.0 0.0
103.8 2.1875 2.75 2.0 1.0 0.0 0.0 0.0
104.0 2.125 2.6875 2.0625 1.0 0.0 0.0 0.0
104.2 2.0625 2.5625 2.125 1.0 0.0 0.0 0.0
104.4 2.0625 2.4375 2.1875 1.0 0.0 0.0 0.0
104.6 2.0 2.375 2.1875 1.0 0.0 0.0 0.0
104.8 2.0 2.25 2.125 1.0 0.0 0.0 0.0
105.0 1.9375 2.3125 2.125 1.0 0.0 0.0 0.0
105.2 1.875 2.1875 2.125 1.0 0.0 0.0 0.0
105.4 1.875 2.125 2.0 1.0 0.0 0.0 0.0
105.6 1.8125 2.0 2.0 1.0 0.0 0.0 0.0
105.8 1.75 1.9375 1.9375 1.0 0.0 0.0 0.0
106.0 1.6875 1.75 1.8125 1.0 0.0 0.0 0.0
106.2 1.625 1.6875 1.75 1.0 0.0 0.0 0.0
106.4 1.5625 1.5625 1.6875 1.0 0.0 0.0 0.0
106.6 1.5 1.5 1.625 1.0 0.0 0.0 0.0
106.8 1.4375 1.4375 1.625 1.0 0.0 0.0 0.0
107.0 1.375 1.4375 1.5625 1.0 0.0 0.0 0.0
107.2 1.375 1.375 1.5625 1.0 0.0 0.0 0.0
107.4 1.3125 1.3125 1.5625 1.0 0.0 0.0 0.0
107.6 1.3125 1.25 1.5625 1.0 0.0 0.0 0.0
107.8 1.3125 1.1875 1.5 1.0 0.0 0.0 0.0
108.0 1.3125 1.125 1.5 1.0 0.0 0.0 0.0
108.2 1.3125 1.0625 1.5625 1.0 0.0 0.0 0.0
108.4 1.375 0.9375 1.625 1.0 0.0 0.0 0.0
108.6 1.375 0.875 1.625 1.0 0.0 0.0 0.0
108.8 1.375 0.8125 1.625 1.0 0.0 0.0 0.0
109.0 1.375 0.75 1.625 1.0 0.0 0.0 0.0
109.2 1.4375 0.625 1.6875 1.0 0.0 0.0 0.0
109.4 1.5 0.5625 1.75 1.0 0.0 0.0 0.0
109.6 1.5 0.5 1.75 1.0 0.0 0.0 0.0
109.8 1.5 0.4375 1.75 1.0 0.0 0.0 0.0
110.0 1.5 0.375 1.75 1.0 0.0 0.0 0.0
110.2 1.625 0.3125 1.75 1.0 0.0 0.0 0.0
110.4 1.625 0.25 1.75 1.0 0.0 0.0 0.0
110.6 1.625 0.1875 1.8125 1.0 0.0 0.0 0.0
110.8 1.625 0.125 1.8125 1.0 0.0 0.0 0.0
111.0 1.6875 0.0625 1.8125 1.0 0.0 0.0 0.0
111.2 1.6875 0.0625 1.8125 1.0 0.0 0.0 0.0
111.4 1.6875 0.0 1.75 1.0 0.0 0.0 0.0
111.6 1.6875 -0.0625 1.75 1.0 0.0 0.0 0.0
111.8 1.6875 -0.125 1.75 1.0 0.0 0.0 0.0
112.0 1.75 -0.1875 1.75 1.0 0.0 0.0 0.0
112.2 1.8125 -0.25 1.6875 1.0 0.0 0.0 0.0
112.4 1.75 -0.4375 1.6875 1.0 0.0 0.0 0.0
112.6 1.75 -0.5 1.75 1.0 0.0 0.0 0.0
112.8 1.75 -0.625 1.75 1.0 0.0 0.0 0.0
113.0 1.75 -0.6875 1.8125 1.0 0.0 0.0 0.0
113.2 1.75 -0.9375 1.8125 1.0 0.0 0.0 0.0
113.4 1.75 -0.9375 1.8125 1.0 0.0 0.0 0.0
113.6 1.75 -1.0 1.8125 1.0 0.0 0.0 0.0
113.8 1.75 -1.125 1.8125 1.0 0.0 0.0 0.0
114.0 1.6875 -1.1875 1.8125 1.0 0.0 0.0 0.0
114.2 1.625 -1.25 1.8125 1.0 0.0 0.0 0.0
114.4 1.625 -1.1875 1.8125 1.0 0.0 0.0 0.0
114.6 1.625 -1.25 1.8125 1.0 0.0 0.0 0.0
114.8 1.5625 -1.3125 1.875 1.0 0.0 0.0 0.0
115.0 1.5625 -1.375 1.875 1.0 0.0 0.0 0.0
115.2 1.5625 -1.5 1.875 1.0 0.0 0.0 0.0
115.4 1.5 -1.5625 1.875 1.0 0.0 0.0 0.0
115.6 1.5 -1.5625 1.875 1.0 0.0 0.0 0.0
115.8 1.5 -1.5625 1.875 1.0 0.0 0.0 0.0
116.0 1.5 -1.625 1.8125 1.0 0.0 0.0 0.0
116.2 1.5 -1.6875 1.8125 1.0 0.0 0.0 0.0
116.4 1.5 -1.75 1.8125 1.0 0.0 0.0 0.0
116.6 1.625 -1.8125 1.8125 1.0 0.0 0.0 0.0
116.8 1.625 -1.875 1.875 1.0 0.0 0.0 0.0
117.0 1.625 -1.9375 1.875 1.0 0.0 0.0 0.0
117.2 1.625 -1.9375 2.0 1.0 0.0 0.0 0.0
117.4 1.625 -2.0 2.0625 1.0 0.0 0.0 0.0
117.6 1.6875 -2.0625 2.125 1.0 0.0 0.0 0.0
117.8 1.8125 -2.125 2.125 1.0 0.0 0.0 0.0
118.0 1.8125 -2.125 2.125 1.0 0.0 0.0 0.0
118.2 1.8125 -2.1875 2.1875 1.0 0.0 0.0 0.0
118.4 1.9375 -2.25 2.3125 1.0 0.0 0.0 0.0
118.6 2.0625 -2.3125 2.375 1.0 0.0 0.0 0.0
118.8 2.0625 -2.375 2.4375 1.0 0.0 0.0 0.0
119.0 2.1875 -2.4375 2.4375 1.0 0.0 0.0 0.0
119.2 2.1875 -2.4375 2.5 1.0 0.0 0.0 0.0
119.4 2.3125 -2.5 2.625 1.0 0.0 0.0 0.0
119.6 2.3125 -2.5625 2.5625 1.0 0.0 0.0 0.0
119.8 2.375 -2.625 2.625 1.0 0.0 0.0 0.0
120.0 2.5 -2.625 2.5625 1.0 0.0 0.0 0.0
120.2 2.5625 -2.5 2.5625 1.0 0.0 0.0 0.0
120.4 2.5625 -2.4375 2.5625 1.0 0.0 0.0 0.0
120.6 2.5625 -2.5 2.5625 1.0 0.0 0.0 0.0
120.8 2.6875 -2.6875 2.5625 1.0 0.0 0.0 0.0
121.0 2.6875 -2.6875 2.5625 1.0 0.0 0.0 0.0
121.2 2.625 -2.6875 2.5625 1.0 0.0 0.0 0.0
121.4 2.625 -2.6875 2.625 1.0 0.0 0.0 0.0
121.6 2.6875 -2.75 2.5625 1.0 0.0 0.0 0.0
121.8 2.75 -2.75 2.625 1.0 0.0 0.0 0.0
122.0 2.8125 -2.8125 2.625 1.0 0.0 0.0 0.0
122.2 2.75 -2.75 2.5625 1.0 0.0 0.0 0.0
122.4 2.6875 -2.75 2.5625 1.0 0.0 0.0 0.0
122.6 2.6875 -2.75 2.5625 1.0 0.0 0.0 0.0
122.8 2.6875 -2.6875 2.5625 1.0 0.0 0.0 0.0
123.0 2.6875 -2.5625 2.5 1.0 0.0 0.0 0.0
123.2 2.6875 -2.4375 2.5 1.0 0.0 0.0 0.0
123.4 2.6875 -2.375 2.5 1.0 0.0 0.0 0.0
123.6 2.6875 -2.375 2.4375 1.0 0.0 0.0 0.0
123.8 2.6875 -2.3125 2.4375 1.0 0.0 0.0 0.0
124.0 2.6875 -2.25 2.4375 1.0 0.0 0.0 0.0
124.2 2.6875 -2.1875 2.375 1.0 0.0 0.0 0.0
124.4 2.8125 -2.125 2.3125 1.0 0.0 0.0 0.0
124.6 2.8125 -2.125 2.0625 1.0 0.0 0.0 0.0
124.8 2.8125 -2.0625 2.125 1.0 0.0 0.0 0.0
125.0 2.8125 -2.0 2.1875 1.0 0.0 0.0 0.0
125.2 2.875 -1.9375 2.1875 1.0 0.0 0.0 0.0
125.4 2.875 -1.875 2.1875 1.0 0.0 0.0 0.0
125.6 2.875 -1.8125 2.25 1.0 0.0 0.0 0.0
125.8 2.875 -1.75 2.25 1.0 0.0 0.0 0.0
126.0 2.875 -1.6875 2.3125 1.0 0.0 0.0 0.0
126.2 2.875 -1.6875 2.3125 1.0 0.0 0.0 0.0
126.4 2.875 -1.625 2.375 1.0 0.0 0.0 0.0
126.6 2.9375 -1.625 2.375 1.0 0.0 0.0 0.0
126.8 2.875 -1.6875 2.375 1.0 0.0 0.0 0.0
127.0 2.9375 -1.6875 2.375 1.0 0.0 0.0 0.0
127.2 2.9375 -1.75 2.375 1.0 0.0 0.0 0.0
127.4 3.0 -1.8125 2.375 1.0 0.0 0.0 0.0
127.6 3.0 -1.875 2.375 1.0 0.0 0.0 0.0
127.8 3.0625 -1.8125 2.375 1.0 0.0 0.0 0.0
128.0 3.125 -1.8125 2.375 1.0 0.0 0.0 0.0
128.2 3.125 -1.75 2.375 1.0 0.0 0.0 0.0
128.4 3.125 -1.6875 2.375 1.0 0.0 0.0 0.0
128.6 3.125 -1.8125 2.375 1.0 0.0 0.0 0.0
128.8 3.0625 -1.875 2.375 1.0 0.0 0.0 0.0
129.0 3.0 -1.9375 2.375 1.0 0.0 0.0 0.0
129.2 2.6875 -2.0 2.375 1.0 0.0 0.0 0.0
129.4 2.625 -2.25 2.3125 1.0 0.0 0.0 0.0
129.6 2.6875 -2.25 2.3125 1.0 0.0 0.0 0.0
129.8 2.625 -2.3125 2.25 1.0 0.0 0.0 0.0
130.0 2.6875 -2.4375 2.25 1.0 0.0 0.0 0.0
130.2 2.6875 -2.4375 2.25 1.0 0.0 0.0 0.0
130.4 2.6875 -2.3125 2.25 1.0 0.0 0.0 0.0
130.6 2.625 -2.25 2.25 1.0 0.0 0.0 0.0
130.8 2.625 -2.125 2.25 1.0 0.0 0.0 0.0
131.0 2.5625 -2.0625 2.3125 1.0 0.0 0.0 0.0
131.2 2.5625 -1.875 2.3125 1.0 0.0 0.0 0.0
131.4 2.5 -1.8125 2.3125 1.0 0.0 0.0 0.0
131.6 2.4375 -1.6875 2.3125 1.0 0.0 0.0 0.0
131.8 2.4375 -1.625 2.3125 1.0 0.0 0.0 0.0
132.0 2.5 -1.5625 2.25 1.0 0.0 0.0 0.0
132.2 2.4375 -1.4375 2.25 1.0 0.0 0.0 0.0
132.4 2.3125 -1.4375 2.25 1.0 0.0 0.0 0.0
132.6 2.125 -1.375 2.25 1.0 0.0 0.0 0.0
132.8 1.875 -1.25 2.25 1.0 0.0 0.0 0.0
133.0 1.8125 -1.25 2.25 1.0 0.0 0.0 0.0
