0.0 0.0 0.0 0.0 1.0 0.0 0.0 0.0
0.2 0.125 0.0 0.0 1.0 0.0 0.0 0.0
0.4 0.125 0.0 0.0 1.0 0.0 0.0 0.0
0.6000000000000001 0.125 -0.125 0.0 1.0 0.0 0.0 0.0
0.8 0.125 -0.125 0.0 1.0 0.0 0.0 0.0
1.0 0.1875 -0.125 0.0 1.0 0.0 0.0 0.0
1.2000000000000002 0.1875 -0.125 0.0 1.0 0.0 0.0 0.0
1.4000000000000001 0.1875 -0.125 0.0 1.0 0.0 0.0 0.0
1.6 0.1875 -0.125 0.0 1.0 0.0 0.0 0.0
1.8 0.1875 -0.125 0.0 1.0 0.0 0.0 0.0
2.0 0.1875 -0.125 0.0 1.0 0.0 0.0 0.0
2.2 0.1875 -0.125 0.0 1.0 0.0 0.0 0.0
2.4000000000000004 0.1875 -0.125 0.0 1.0 0.0 0.0 0.0
2.6 0.1875 -0.125 0.0 1.0 0.0 0.0 0.0
2.8000000000000003 0.1875 -0.125 0.0 1.0 0.0 0.0 0.0
3.0 0.1875 -0.125 0.0 1.0 0.0 0.0 0.0
3.2 0.1875 -0.125 0.0 1.0 0.0 0.0 0.0
3.4000000000000004 0.1875 -0.125 0.0 1.0 0.0 0.0 0.0
3.6 0.1875 -0.125 0.0 1.0 0.0 0.0 0.0
3.8000000000000003 0.1875 -0.125 0.0 1.0 0.0 0.0 0.0
4.0 0.1875 -0.125 0.0 1.0 0.0 0.0 0.0
4.2 0.1875 -0.125 0.0 1.0 0.0 0.0 0.0
4.4 0.1875 -0.125 0.0 1.0 0.0 0.0 0.0
4.6000000000000005 0.1875 -0.125 0.0625 1.0 0.0 0.0 0.0
4.800000000000001 0.125 -0.125 0.0625 1.0 0.0 0.0 0.0
5.0 0.125 -0.125 0.0625 1.0 0.0 0.0 0.0
5.2 0.125 -0.0625 0.0625 1.0 0.0 0.0 0.0
5.4 0.0625 -0.0625 0.0625 1.0 0.0 0.0 0.0
5.6000000000000005 0.0625 -0.0625 0.0625 1.0 0.0 0.0 0.0
5.800000000000001 0.0625 -0.0625 0.0625 1.0 0.0 0.0 0.0
6.0 0.0 0.0 0.0625 1.0 0.0 0.0 0.0
6.2 0.0 0.0 0.0625 1.0 0.0 0.0 0.0
6.4 -0.0625 0.0 0.0625 1.0 0.0 0.0 0.0
6.6000000000000005 -0.0625 0.0 0.0625 1.0 0.0 0.0 0.0
6.800000000000001 -0.0625 0.0 0.0625 1.0 0.0 0.0 0.0
7.0 -0.125 0.0 0.0625 1.0 0.0 0.0 0.0
7.2 -0.125 0.0 0.0625 1.0 0.0 0.0 0.0
7.4 -0.125 0.0 0.0625 1.0 0.0 0.0 0.0
7.6000000000000005 -0.125 0.0 0.0625 1.0 0.0 0.0 0.0
7.800000000000001 -0.125 0.0 0.0625 1.0 0.0 0.0 0.0
8.0 -0.1875 0.0 0.0625 1.0 0.0 0.0 0.0
8.200000000000001 -0.1875 0.0 0.0625 1.0 0.0 0.0 0.0
8.4 -0.1875 0.0625 0.0625 1.0 0.0 0.0 0.0
8.6 -0.1875 0.0625 0.0625 1.0 0.0 0.0 0.0
8.8 -0.1875 0.0625 0.0625 1.0 0.0 0.0 0.0
9.0 -0.1875 0.0625 0.0625 1.0 0.0 0.0 0.0
9.200000000000001 -0.1875 0.0625 0.0625 1.0 0.0 0.0 0.0
9.4 -0.1875 0.0625 0.0625 1.0 0.0 0.0 0.0
9.600000000000001 -0.1875 0.3125 0.0625 1.0 0.0 0.0 0.0
9.8 -0.1875 0.3125 0.0625 1.0 0.0 0.0 0.0
10.0 -0.1875 0.3125 0.0625 1.0 0.0 0.0 0.0
10.200000000000001 -0.1875 0.3125 0.125 1.0 0.0 0.0 0.0
10.4 -0.1875 0.3125 0.125 1.0 0.0 0.0 0.0
10.600000000000001 -0.1875 0.3125 0.125 1.0 0.0 0.0 0.0
10.8 -0.1875 0.3125 0.125 1.0 0.0 0.0 0.0
11.0 -0.1875 0.3125 0.125 1.0 0.0 0.0 0.0
11.200000000000001 -0.1875 0.3125 0.125 1.0 0.0 0.0 0.0
11.4 -0.1875 0.3125 0.1875 1.0 0.0 0.0 0.0
11.600000000000001 -0.1875 0.3125 0.1875 1.0 0.0 0.0 0.0
11.8 -0.1875 0.3125 0.1875 1.0 0.0 0.0 0.0
12.0 -0.125 0.3125 0.1875 1.0 0.0 0.0 0.0
12.200000000000001 -0.0625 0.3125 0.1875 1.0 0.0 0.0 0.0
12.4 -0.0625 0.3125 0.1875 1.0 0.0 0.0 0.0
12.600000000000001 -0.0625 0.3125 0.1875 1.0 0.0 0.0 0.0
12.8 -0.0625 0.3125 0.1875 1.0 0.0 0.0 0.0
13.0 0.0 0.3125 0.1875 1.0 0.0 0.0 0.0
13.200000000000001 0.0625 0.1875 0.1875 1.0 0.0 0.0 0.0
13.4 0.0625 0.1875 0.1875 1.0 0.0 0.0 0.0
13.600000000000001 0.125 0.1875 0.1875 1.0 0.0 0.0 0.0
13.8 0.125 0.1875 0.25 1.0 0.0 0.0 0.0
14.0 0.1875 0.1875 0.25 1.0 0.0 0.0 0.0
14.200000000000001 0.1875 0.125 0.25 1.0 0.0 0.0 0.0
14.4 0.1875 0.125 0.25 1.0 0.0 0.0 0.0
14.600000000000001 0.1875 0.125 0.25 1.0 0.0 0.0 0.0
14.8 0.1875 0.125 0.25 1.0 0.0 0.0 0.0
15.0 0.1875 0.125 0.25 1.0 0.0 0.0 0.0
15.200000000000001 0.1875 0.125 0.25 1.0 0.0 0.0 0.0
15.4 0.1875 0.125 0.25 1.0 0.0 0.0 0.0
15.600000000000001 0.1875 0.125 0.25 1.0 0.0 0.0 0.0
15.8 0.1875 0.125 0.25 1.0 0.0 0.0 0.0
16.0 0.1875 0.125 0.25 1.0 0.0 0.0 0.0
16.2 0.1875 0.125 0.25 1.0 0.0 0.0 0.0
16.400000000000002 0.1875 0.125 0.25 1.0 0.0 0.0 0.0
16.6 0.1875 0.125 0.25 1.0 0.0 0.0 0.0
16.8 0.1875 0.125 0.25 1.0 0.0 0.0 0.0
17.0 0.1875 0.125 0.25 1.0 0.0 0.0 0.0
17.2 0.1875 0.125 0.25 1.0 0.0 0.0 0.0
17.400000000000002 0.1875 0.0625 0.25 1.0 0.0 0.0 0.0
17.6 0.1875 0.0625 0.25 1.0 0.0 0.0 0.0
17.8 0.1875 0.0625 0.25 1.0 0.0 0.0 0.0
18.0 0.1875 0.0625 0.25 1.0 0.0 0.0 0.0
18.2 0.1875 0.0625 0.25 1.0 0.0 0.0 0.0
18.400000000000002 0.1875 0.0 0.25 1.0 0.0 0.0 0.0
18.6 0.1875 0.0 0.25 1.0 0.0 0.0 0.0
18.8 0.1875 0.0 0.25 1.0 0.0 0.0 0.0
19.0 0.1875 -0.0625 0.25 1.0 0.0 0.0 0.0
19.200000000000003 0.1875 -0.0625 0.25 1.0 0.0 0.0 0.0
19.400000000000002 0.1875 -0.0625 0.25 1.0 0.0 0.0 0.0
19.6 0.1875 -0.0625 0.25 1.0 0.0 0.0 0.0
19.8 0.1875 -0.0625 0.25 1.0 0.0 0.0 0.0
20.0 0.1875 -0.0625 0.25 1.0 0.0 0.0 0.0
20.200000000000003 0.125 -0.0625 0.25 1.0 0.0 0.0 0.0
20.400000000000002 0.125 -0.0625 0.25 1.0 0.0 0.0 0.0
20.6 0.125 -0.125 0.25 1.0 0.0 0.0 0.0
20.8 0.125 -0.125 0.25 1.0 0.0 0.0 0.0
21.0 0.0625 -0.125 0.25 1.0 0.0 0.0 0.0
21.200000000000003 0.0 -0.125 0.25 1.0 0.0 0.0 0.0
21.400000000000002 0.0 -0.125 0.25 1.0 0.0 0.0 0.0
21.6 -0.0625 -0.125 0.25 1.0 0.0 0.0 0.0
21.8 -0.0625 -0.125 0.25 1.0 0.0 0.0 0.0
22.0 -0.125 -0.125 0.25 1.0 0.0 0.0 0.0
22.200000000000003 -0.1875 -0.125 0.25 1.0 0.0 0.0 0.0
22.400000000000002 -0.1875 -0.125 0.25 1.0 0.0 0.0 0.0
22.6 -0.1875 -0.125 0.25 1.0 0.0 0.0 0.0
22.8 -0.1875 -0.125 0.25 1.0 0.0 0.0 0.0
23.0 -0.1875 -0.125 0.25 1.0 0.0 0.0 0.0
23.200000000000003 -0.25 -0.125 0.25 1.0 0.0 0.0 0.0
23.400000000000002 -0.25 -0.125 0.25 1.0 0.0 0.0 0.0
23.6 -0.25 -0.125 0.25 1.0 0.0 0.0 0.0
23.8 -0.25 -0.125 0.25 1.0 0.0 0.0 0.0
24.0 -0.25 -0.125 0.25 1.0 0.0 0.0 0.0
24.200000000000003 -0.25 -0.125 0.25 1.0 0.0 0.0 0.0
24.400000000000002 -0.25 -0.125 0.25 1.0 0.0 0.0 0.0
24.6 -0.25 -0.125 0.25 1.0 0.0 0.0 0.0
24.8 -0.3125 -0.125 0.25 1.0 0.0 0.0 0.0
25.0 -0.3125 -0.125 0.25 1.0 0.0 0.0 0.0
25.200000000000003 -0.3125 -0.125 0.25 1.0 0.0 0.0 0.0
25.400000000000002 -0.3125 -0.125 0.25 1.0 0.0 0.0 0.0
25.6 -0.3125 -0.125 0.25 1.0 0.0 0.0 0.0
25.8 -0.3125 -0.125 0.25 1.0 0.0 0.0 0.0
26.0 -0.3125 -0.1875 0.25 1.0 0.0 0.0 0.0
26.200000000000003 -0.3125 -0.1875 0.25 1.0 0.0 0.0 0.0
26.400000000000002 -0.375 -0.1875 0.25 1.0 0.0 0.0 0.0
26.6 -0.375 -0.1875 0.25 1.0 0.0 0.0 0.0
26.8 -0.375 -0.1875 0.25 1.0 0.0 0.0 0.0
27.0 -0.375 -0.1875 0.25 1.0 0.0 0.0 0.0
27.200000000000003 -0.375 -0.1875 0.25 1.0 0.0 0.0 0.0
27.400000000000002 -0.375 -0.1875 0.25 1.0 0.0 0.0 0.0
27.6 -0.3125 -0.25 0.25 1.0 0.0 0.0 0.0
27.8 -0.3125 -0.25 0.25 1.0 0.0 0.0 0.0
28.0 -0.3125 -0.25 0.25 1.0 0.0 0.0 0.0
28.200000000000003 -0.3125 -0.25 0.25 1.0 0.0 0.0 0.0
28.400000000000002 -0.25 -0.25 0.25 1.0 0.0 0.0 0.0
28.6 -0.25 -0.25 0.25 1.0 0.0 0.0 0.0
28.8 -0.1875 -0.3125 0.25 1.0 0.0 0.0 0.0
29.0 -0.1875 -0.3125 0.25 1.0 0.0 0.0 0.0
29.200000000000003 -0.1875 -0.3125 0.25 1.0 0.0 0.0 0.0
29.400000000000002 -0.1875 -0.3125 0.25 1.0 0.0 0.0 0.0
29.6 -0.1875 -0.375 0.25 1.0 0.0 0.0 0.0
29.8 -0.1875 -0.375 0.25 1.0 0.0 0.0 0.0
30.0 -0.1875 -0.375 0.25 1.0 0.0 0.0 0.0
30.200000000000003 -0.1875 -0.375 0.25 1.0 0.0 0.0 0.0
30.400000000000002 -0.1875 -0.375 0.25 1.0 0.0 0.0 0.0
30.6 -0.1875 -0.4375 0.25 1.0 0.0 0.0 0.0
30.8 -0.125 -0.4375 0.25 1.0 0.0 0.0 0.0
31.0 -0.125 -0.4375 0.25 1.0 0.0 0.0 0.0
31.200000000000003 -0.125 -0.5 0.25 1.0 0.0 0.0 0.0
31.400000000000002 -0.0625 -0.5 0.25 1.0 0.0 0.0 0.0
31.6 -0.0625 -0.5 0.25 1.0 0.0 0.0 0.0
31.8 0.0 -0.5625 0.25 1.0 0.0 0.0 0.0
32.0 0.0 -0.5625 0.25 1.0 0.0 0.0 0.0
32.2 0.0 -0.5625 0.3125 1.0 0.0 0.0 0.0
32.4 0.0625 -0.5625 0.3125 1.0 0.0 0.0 0.0
32.6 0.125 -0.5625 0.3125 1.0 0.0 0.0 0.0
32.800000000000004 0.125 -0.5625 0.3125 1.0 0.0 0.0 0.0
33.0 0.125 -0.625 0.3125 1.0 0.0 0.0 0.0
33.2 0.1875 -0.625 0.3125 1.0 0.0 0.0 0.0
33.4 0.1875 -0.625 0.3125 1.0 0.0 0.0 0.0
33.6 0.1875 -0.625 0.3125 1.0 0.0 0.0 0.0
33.800000000000004 0.25 -0.6875 0.3125 1.0 0.0 0.0 0.0
34.0 0.25 -0.75 0.3125 1.0 0.0 0.0 0.0
34.2 0.25 -0.75 0.375 1.0 0.0 0.0 0.0
34.4 0.25 -0.75 0.375 1.0 0.0 0.0 0.0
34.6 0.25 -0.75 0.5 1.0 0.0 0.0 0.0
34.800000000000004 0.25 -0.75 0.625 1.0 0.0 0.0 0.0
35.0 0.3125 -0.8125 0.5625 1.0 0.0 0.0 0.0
35.2 0.4375 -0.8125 0.5625 1.0 0.0 0.0 0.0
35.4 0.5625 -0.8125 0.5625 1.0 0.0 0.0 0.0
35.6 0.625 -0.875 0.5625 1.0 0.0 0.0 0.0
35.800000000000004 0.6875 -0.875 0.5625 1.0 0.0 0.0 0.0
36.0 0.75 -0.875 0.5625 1.0 0.0 0.0 0.0
36.2 0.75 -0.875 0.5625 1.0 0.0 0.0 0.0
36.4 0.8125 -0.9375 0.5625 1.0 0.0 0.0 0.0
36.6 0.8125 -0.9375 0.5625 1.0 0.0 0.0 0.0
36.800000000000004 0.8125 -0.9375 0.5625 1.0 0.0 0.0 0.0
37.0 0.875 -0.9375 0.5625 1.0 0.0 0.0 0.0
37.2 0.9375 -0.9375 0.5625 1.0 0.0 0.0 0.0
37.4 0.9375 -0.9375 0.5625 1.0 0.0 0.0 0.0
37.6 1.0 -0.9375 0.5625 1.0 0.0 0.0 0.0
37.800000000000004 1.0 -0.9375 0.5625 1.0 0.0 0.0 0.0
38.0 1.0625 -0.9375 0.5625 1.0 0.0 0.0 0.0
38.2 1.0625 -0.9375 0.5625 1.0 0.0 0.0 0.0
38.400000000000006 1.125 -0.9375 0.5625 1.0 0.0 0.0 0.0
38.6 1.125 -0.9375 0.5625 1.0 0.0 0.0 0.0
38.800000000000004 1.125 -0.9375 0.5625 1.0 0.0 0.0 0.0
39.0 1.125 -1.0 0.5625 1.0 0.0 0.0 0.0
39.2 1.125 -1.0 0.5625 1.0 0.0 0.0 0.0
39.400000000000006 1.125 -1.0 0.5625 1.0 0.0 0.0 0.0
39.6 1.1875 -1.0625 0.5625 1.0 0.0 0.0 0.0
39.800000000000004 1.1875 -1.0625 0.5 1.0 0.0 0.0 0.0
40.0 1.1875 -1.0625 0.5 1.0 0.0 0.0 0.0
40.2 1.3125 -1.0625 0.5 1.0 0.0 0.0 0.0
40.400000000000006 1.375 -1.125 0.5 1.0 0.0 0.0 0.0
40.6 1.375 -1.125 0.5 1.0 0.0 0.0 0.0
40.800000000000004 1.4375 -1.1875 0.5 1.0 0.0 0.0 0.0
41.0 1.5 -1.1875 0.5 1.0 0.0 0.0 0.0
41.2 1.6875 -1.25 0.5 1.0 0.0 0.0 0.0
41.400000000000006 1.875 -1.25 0.5 1.0 0.0 0.0 0.0
41.6 1.875 -1.25 0.5 1.0 0.0 0.0 0.0
41.800000000000004 1.9375 -1.3125 0.5 1.0 0.0 0.0 0.0
42.0 2.0 -1.3125 0.5 1.0 0.0 0.0 0.0
42.2 2.0 -1.375 0.5 1.0 0.0 0.0 0.0
42.400000000000006 2.0 -1.375 0.5 1.0 0.0 0.0 0.0
42.6 2.0 -1.375 0.4375 1.0 0.0 0.0 0.0
42.800000000000004 2.0625 -1.375 0.4375 1.0 0.0 0.0 0.0
43.0 2.0625 -1.375 0.4375 1.0 0.0 0.0 0.0
43.2 2.0625 -1.4375 0.4375 1.0 0.0 0.0 0.0
43.400000000000006 2.125 -1.4375 0.4375 1.0 0.0 0.0 0.0
43.6 2.125 -1.4375 0.4375 1.0 0.0 0.0 0.0
43.800000000000004 2.1875 -1.4375 0.4375 1.0 0.0 0.0 0.0
44.0 2.1875 -1.5 0.4375 1.0 0.0 0.0 0.0
44.2 2.25 -1.5 0.4375 1.0 0.0 0.0 0.0
44.400000000000006 2.25 -1.5625 0.4375 1.0 0.0 0.0 0.0
44.6 2.25 -1.5625 0.4375 1.0 0.0 0.0 0.0
44.800000000000004 2.3125 -1.625 0.4375 1.0 0.0 0.0 0.0
45.0 2.375 -1.6875 0.375 1.0 0.0 0.0 0.0
45.2 2.375 -1.6875 0.375 1.0 0.0 0.0 0.0
45.400000000000006 2.4375 -1.75 0.375 1.0 0.0 0.0 0.0
45.6 2.4375 -1.75 0.375 1.0 0.0 0.0 0.0
45.800000000000004 2.4375 -1.75 0.375 1.0 0.0 0.0 0.0
46.0 2.4375 -1.75 0.375 1.0 0.0 0.0 0.0
46.2 2.4375 -1.75 0.375 1.0 0.0 0.0 0.0
46.400000000000006 2.4375 -1.75 0.375 1.0 0.0 0.0 0.0
46.6 2.4375 -1.75 0.375 1.0 0.0 0.0 0.0
46.800000000000004 2.4375 -1.75 0.375 1.0 0.0 0.0 0.0
47.0 2.5 -1.875 0.375 1.0 0.0 0.0 0.0
47.2 2.5 -1.875 0.375 1.0 0.0 0.0 0.0
47.400000000000006 2.5625 -1.875 0.375 1.0 0.0 0.0 0.0
47.6 2.625 -1.875 0.375 1.0 0.0 0.0 0.0
47.800000000000004 2.625 -1.9375 0.375 1.0 0.0 0.0 0.0
48.0 2.625 -1.9375 0.375 1.0 0.0 0.0 0.0
48.2 2.6875 -1.9375 0.375 1.0 0.0 0.0 0.0
48.400000000000006 2.75 -2.0 0.375 1.0 0.0 0.0 0.0
48.6 2.75 -2.0 0.375 1.0 0.0 0.0 0.0
48.800000000000004 2.8125 -2.0 0.375 1.0 0.0 0.0 0.0
49.0 2.875 -2.0 0.375 1.0 0.0 0.0 0.0
49.2 2.875 -2.0 0.375 1.0 0.0 0.0 0.0
49.400000000000006 2.9375 -2.0625 0.375 1.0 0.0 0.0 0.0
49.6 3.0 -2.0625 0.4375 1.0 0.0 0.0 0.0
49.800000000000004 3.0625 -2.0625 0.5 1.0 0.0 0.0 0.0
50.0 3.125 -2.125 0.6875 1.0 0.0 0.0 0.0
50.2 3.125 -2.125 0.6875 1.0 0.0 0.0 0.0
50.400000000000006 3.1875 -2.125 0.6875 1.0 0.0 0.0 0.0
50.6 3.25 -2.1875 0.6875 1.0 0.0 0.0 0.0
50.800000000000004 3.3125 -2.1875 0.6875 1.0 0.0 0.0 0.0
51.0 3.3125 -2.1875 0.625 1.0 0.0 0.0 0.0
51.2 3.375 -2.1875 0.625 1.0 0.0 0.0 0.0
51.400000000000006 3.375 -2.1875 0.625 1.0 0.0 0.0 0.0
51.6 3.4375 -2.25 0.625 1.0 0.0 0.0 0.0
51.800000000000004 3.5 -2.3125 0.625 1.0 0.0 0.0 0.0
52.0 3.5625 -2.3125 0.625 1.0 0.0 0.0 0.0
52.2 3.5625 -2.3125 0.625 1.0 0.0 0.0 0.0
52.400000000000006 3.625 -2.3125 0.625 1.0 0.0 0.0 0.0
52.6 3.625 -2.3125 0.625 1.0 0.0 0.0 0.0
52.800000000000004 3.6875 -2.3125 0.625 1.0 0.0 0.0 0.0
53.0 3.75 -2.3125 0.625 1.0 0.0 0.0 0.0
53.2 3.8125 -2.5 0.625 1.0 0.0 0.0 0.0
53.400000000000006 4.0 -2.875 0.625 1.0 0.0 0.0 0.0
53.6 4.125 -3.0625 0.625 1.0 0.0 0.0 0.0
53.800000000000004 4.1875 -3.125 0.625 1.0 0.0 0.0 0.0
54.0 4.3125 -3.1875 0.625 1.0 0.0 0.0 0.0
54.2 4.4375 -3.1875 0.625 1.0 0.0 0.0 0.0
54.400000000000006 4.5625 -3.25 0.625 1.0 0.0 0.0 0.0
54.6 4.625 -3.25 0.625 1.0 0.0 0.0 0.0
54.800000000000004 4.8125 -3.3125 0.625 1.0 0.0 0.0 0.0
55.0 4.875 -3.3125 0.625 1.0 0.0 0.0 0.0
55.2 4.9375 -3.375 0.625 1.0 0.0 0.0 0.0
55.400000000000006 5.0 -3.375 0.625 1.0 0.0 0.0 0.0
55.6 5.0 -3.4375 0.625 1.0 0.0 0.0 0.0
55.800000000000004 5.0625 -3.5 0.625 1.0 0.0 0.0 0.0
56.0 5.0625 -3.5 0.625 1.0 0.0 0.0 0.0
56.2 5.125 -3.5625 0.625 1.0 0.0 0.0 0.0
56.400000000000006 5.1875 -3.5625 0.625 1.0 0.0 0.0 0.0
56.6 5.1875 -3.625 0.625 1.0 0.0 0.0 0.0
56.800000000000004 5.25 -3.625 0.625 1.0 0.0 0.0 0.0
57.0 5.25 -3.625 0.625 1.0 0.0 0.0 0.0
57.2 5.25 -3.625 0.625 1.0 0.0 0.0 0.0
57.400000000000006 5.3125 -3.75 0.625 1.0 0.0 0.0 0.0
57.6 5.375 -3.8125 0.625 1.0 0.0 0.0 0.0
57.800000000000004 5.375 -3.8125 0.625 1.0 0.0 0.0 0.0
58.0 5.4375 -3.875 0.625 1.0 0.0 0.0 0.0
58.2 5.5 -3.875 0.625 1.0 0.0 0.0 0.0
58.400000000000006 5.5 -3.9375 0.625 1.0 0.0 0.0 0.0
58.6 5.5625 -4.0 0.625 1.0 0.0 0.0 0.0
58.800000000000004 5.5625 -4.0 0.625 1.0 0.0 0.0 0.0
59.0 5.625 -4.0 0.625 1.0 0.0 0.0 0.0
59.2 5.6875 -4.0625 0.625 1.0 0.0 0.0 0.0
59.400000000000006 5.6875 -4.0625 0.625 1.0 0.0 0.0 0.0
59.6 5.6875 -4.125 0.625 1.0 0.0 0.0 0.0
59.800000000000004 5.75 -4.1875 0.625 1.0 0.0 0.0 0.0
60.0 5.75 -4.25 0.625 1.0 0.0 0.0 0.0
60.2 5.8125 -4.25 0.625 1.0 0.0 0.0 0.0
60.400000000000006 5.8125 -4.3125 0.625 1.0 0.0 0.0 0.0
60.6 5.875 -4.375 0.625 1.0 0.0 0.0 0.0
60.800000000000004 5.9375 -4.375 0.625 1.0 0.0 0.0 0.0
61.0 5.9375 -4.5 0.625 1.0 0.0 0.0 0.0
61.2 5.9375 -4.5 0.625 1.0 0.0 0.0 0.0
61.400000000000006 5.9375 -4.5625 0.625 1.0 0.0 0.0 0.0
61.6 6.0 -4.625 0.625 1.0 0.0 0.0 0.0
61.800000000000004 6.125 -4.6875 0.625 1.0 0.0 0.0 0.0
62.0 6.1875 -4.75 0.625 1.0 0.0 0.0 0.0
62.2 6.25 -4.8125 0.625 1.0 0.0 0.0 0.0
62.400000000000006 6.375 -4.8125 0.625 1.0 0.0 0.0 0.0
62.6 6.4375 -4.875 0.625 1.0 0.0 0.0 0.0
62.800000000000004 6.5 -4.9375 0.625 1.0 0.0 0.0 0.0
63.0 6.5 -4.9375 0.625 1.0 0.0 0.0 0.0
63.2 6.5625 -5.0 0.625 1.0 0.0 0.0 0.0
63.400000000000006 6.625 -5.0625 0.625 1.0 0.0 0.0 0.0
63.6 6.6875 -5.125 0.625 1.0 0.0 0.0 0.0
63.800000000000004 6.75 -5.1875 0.625 1.0 0.0 0.0 0.0
64.0 6.75 -5.1875 0.625 1.0 0.0 0.0 0.0
64.2 6.75 -5.25 0.625 1.0 0.0 0.0 0.0
64.4 6.75 -5.25 0.625 1.0 0.0 0.0 0.0
64.60000000000001 6.8125 -5.3125 0.6875 1.0 0.0 0.0 0.0
64.8 6.8125 -5.375 0.6875 1.0 0.0 0.0 0.0
65.0 6.8125 -5.4375 0.6875 1.0 0.0 0.0 0.0
65.2 6.875 -5.5 0.6875 1.0 0.0 0.0 0.0
65.4 6.875 -5.5 0.6875 1.0 0.0 0.0 0.0
65.60000000000001 6.875 -5.5625 0.6875 1.0 0.0 0.0 0.0
65.8 6.875 -5.5625 0.75 1.0 0.0 0.0 0.0
