0.0 0.0 0.0625 0.0625 1.0 0.0 0.0 0.0
0.2 0.0625 0.0625 0.0 1.0 0.0 0.0 0.0
0.4 0.125 0.0 -0.0625 1.0 0.0 0.0 0.0
0.6000000000000001 0.4375 0.0 -0.0625 1.0 0.0 0.0 0.0
0.8 0.625 0.0 -0.0625 1.0 0.0 0.0 0.0
1.0 0.6875 0.0 -0.0625 1.0 0.0 0.0 0.0
1.2000000000000002 0.75 0.0 -0.0625 1.0 0.0 0.0 0.0
1.4000000000000001 0.8125 0.0 -0.125 1.0 0.0 0.0 0.0
1.6 0.8125 0.0 -0.1875 1.0 0.0 0.0 0.0
1.8 0.875 0.0 -0.25 1.0 0.0 0.0 0.0
2.0 1.125 0.0 -0.3125 1.0 0.0 0.0 0.0
2.2 1.1875 -0.0625 -0.3125 1.0 0.0 0.0 0.0
2.4000000000000004 1.25 -0.0625 -0.375 1.0 0.0 0.0 0.0
2.6 1.3125 -0.0625 -0.4375 1.0 0.0 0.0 0.0
2.8000000000000003 1.375 -0.125 -0.4375 1.0 0.0 0.0 0.0
3.0 1.4375 -0.125 -0.5 1.0 0.0 0.0 0.0
3.2 1.5 -0.125 -0.5625 1.0 0.0 0.0 0.0
3.4000000000000004 1.5 -0.125 -0.625 1.0 0.0 0.0 0.0
3.6 1.5625 -0.125 -0.6875 1.0 0.0 0.0 0.0
3.8000000000000003 1.625 -0.125 -0.75 1.0 0.0 0.0 0.0
4.0 1.6875 -0.125 -0.8125 1.0 0.0 0.0 0.0
4.2 1.8125 -0.1875 -0.8125 1.0 0.0 0.0 0.0
4.4 1.8125 -0.25 -0.875 1.0 0.0 0.0 0.0
4.6000000000000005 1.875 -0.3125 -0.875 1.0 0.0 0.0 0.0
4.800000000000001 2.125 -0.3125 -0.9375 1.0 0.0 0.0 0.0
5.0 2.1875 -0.3125 -0.9375 1.0 0.0 0.0 0.0
5.2 2.3125 -0.375 -1.0 1.0 0.0 0.0 0.0
5.4 2.9375 -0.4375 -1.0625 1.0 0.0 0.0 0.0
5.6000000000000005 3.0 -0.5 -1.125 1.0 0.0 0.0 0.0
5.800000000000001 3.0625 -0.5 -1.1875 1.0 0.0 0.0 0.0
6.0 3.125 -0.5625 -1.25 1.0 0.0 0.0 0.0
6.2 3.1875 -0.5625 -1.3125 1.0 0.0 0.0 0.0
6.4 3.3125 -0.625 -1.375 1.0 0.0 0.0 0.0
6.6000000000000005 3.4375 -0.625 -1.4375 1.0 0.0 0.0 0.0
6.800000000000001 3.5 -0.6875 -1.5 1.0 0.0 0.0 0.0
7.0 3.6875 -0.6875 -1.5625 1.0 0.0 0.0 0.0
7.2 3.75 -0.75 -1.625 1.0 0.0 0.0 0.0
7.4 3.8125 -0.75 -1.6875 1.0 0.0 0.0 0.0
7.6000000000000005 3.875 -0.8125 -1.75 1.0 0.0 0.0 0.0
7.800000000000001 3.9375 -0.8125 -1.8125 1.0 0.0 0.0 0.0
8.0 4.0 -0.875 -1.875 1.0 0.0 0.0 0.0
8.200000000000001 4.0625 -0.875 -1.9375 1.0 0.0 0.0 0.0
8.4 4.1875 -0.9375 -2.0625 1.0 0.0 0.0 0.0
8.6 4.25 -0.9375 -2.125 1.0 0.0 0.0 0.0
8.8 4.3125 -0.9375 -2.1875 1.0 0.0 0.0 0.0
9.0 4.375 -1.0 -2.25 1.0 0.0 0.0 0.0
9.200000000000001 4.4375 -1.0 -2.25 1.0 0.0 0.0 0.0
9.4 4.5 -1.0 -2.3125 1.0 0.0 0.0 0.0
9.600000000000001 4.625 -1.0 -2.4375 1.0 0.0 0.0 0.0
9.8 4.6875 -1.0 -2.5 1.0 0.0 0.0 0.0
10.0 4.75 -1.0 -2.5625 1.0 0.0 0.0 0.0
10.200000000000001 4.8125 -1.0 -2.625 1.0 0.0 0.0 0.0
10.4 4.875 -1.0 -2.6875 1.0 0.0 0.0 0.0
10.600000000000001 4.9375 -1.0 -2.6875 1.0 0.0 0.0 0.0
10.8 4.9375 -1.0 -2.75 1.0 0.0 0.0 0.0
11.0 5.0625 -1.0 -2.8125 1.0 0.0 0.0 0.0
11.200000000000001 5.0625 -1.0 -2.875 1.0 0.0 0.0 0.0
11.4 5.125 -1.0 -2.9375 1.0 0.0 0.0 0.0
11.600000000000001 5.1875 -1.0 -3.0 1.0 0.0 0.0 0.0
11.8 5.3125 -1.0 -3.0625 1.0 0.0 0.0 0.0
12.0 5.4375 -1.0 -3.125 1.0 0.0 0.0 0.0
12.200000000000001 5.625 -0.9375 -3.1875 1.0 0.0 0.0 0.0
12.4 5.6875 -0.9375 -3.25 1.0 0.0 0.0 0.0
12.600000000000001 5.875 -0.9375 -3.3125 1.0 0.0 0.0 0.0
12.8 5.9375 -0.9375 -3.375 1.0 0.0 0.0 0.0
13.0 6.0625 -0.9375 -3.4375 1.0 0.0 0.0 0.0
13.200000000000001 6.0625 -0.875 -3.5 1.0 0.0 0.0 0.0
13.4 6.1875 -0.875 -3.5625 1.0 0.0 0.0 0.0
13.600000000000001 6.25 -0.8125 -3.5625 1.0 0.0 0.0 0.0
13.8 6.3125 -0.8125 -3.625 1.0 0.0 0.0 0.0
14.0 6.3125 -0.8125 -3.6875 1.0 0.0 0.0 0.0
14.200000000000001 6.375 -0.75 -3.75 1.0 0.0 0.0 0.0
14.4 6.375 -0.75 -3.75 1.0 0.0 0.0 0.0
14.600000000000001 6.375 -0.75 -3.8125 1.0 0.0 0.0 0.0
14.8 6.375 -0.6875 -3.875 1.0 0.0 0.0 0.0
15.0 6.375 -0.6875 -3.9375 1.0 0.0 0.0 0.0
15.200000000000001 6.375 -0.6875 -4.0 1.0 0.0 0.0 0.0
15.4 6.4375 -0.6875 -4.0625 1.0 0.0 0.0 0.0
15.600000000000001 6.4375 -0.6875 -4.125 1.0 0.0 0.0 0.0
15.8 6.5 -0.625 -4.1875 1.0 0.0 0.0 0.0
16.0 6.5 -0.625 -4.25 1.0 0.0 0.0 0.0
16.2 6.5 -0.5625 -4.3125 1.0 0.0 0.0 0.0
16.400000000000002 6.5 -0.5625 -4.375 1.0 0.0 0.0 0.0
16.6 6.5625 -0.5 -4.4375 1.0 0.0 0.0 0.0
16.8 6.5625 -0.5 -4.5 1.0 0.0 0.0 0.0
17.0 6.5625 -0.5 -4.5625 1.0 0.0 0.0 0.0
17.2 6.5625 -0.5 -4.625 1.0 0.0 0.0 0.0
17.400000000000002 6.5625 -0.4375 -4.75 1.0 0.0 0.0 0.0
17.6 6.5625 -0.4375 -4.8125 1.0 0.0 0.0 0.0
17.8 6.5625 -0.4375 -4.875 1.0 0.0 0.0 0.0
18.0 6.5625 -0.4375 -4.875 1.0 0.0 0.0 0.0
18.2 6.5 -0.375 -4.9375 1.0 0.0 0.0 0.0
18.400000000000002 6.5 -0.375 -5.0 1.0 0.0 0.0 0.0
18.6 6.4375 -0.375 -5.0625 1.0 0.0 0.0 0.0
18.8 6.375 -0.375 -5.125 1.0 0.0 0.0 0.0
19.0 6.375 -0.375 -5.1875 1.0 0.0 0.0 0.0
19.200000000000003 6.3125 -0.375 -5.25 1.0 0.0 0.0 0.0
19.400000000000002 6.25 -0.375 -5.25 1.0 0.0 0.0 0.0
19.6 6.25 -0.375 -5.3125 1.0 0.0 0.0 0.0
19.8 6.125 -0.375 -5.3125 1.0 0.0 0.0 0.0
20.0 6.0625 -0.375 -5.375 1.0 0.0 0.0 0.0
20.200000000000003 5.9375 -0.4375 -5.4375 1.0 0.0 0.0 0.0
20.400000000000002 5.875 -0.4375 -5.4375 1.0 0.0 0.0 0.0
20.6 5.8125 -0.4375 -5.4375 1.0 0.0 0.0 0.0
20.8 5.75 -0.4375 -5.4375 1.0 0.0 0.0 0.0
21.0 5.6875 -0.4375 -5.4375 1.0 0.0 0.0 0.0
21.200000000000003 5.4375 -0.5 -5.4375 1.0 0.0 0.0 0.0
21.400000000000002 5.3125 -0.5 -5.4375 1.0 0.0 0.0 0.0
21.6 5.25 -0.5 -5.4375 1.0 0.0 0.0 0.0
21.8 5.1875 -0.5 -5.4375 1.0 0.0 0.0 0.0
22.0 5.125 -0.5625 -5.4375 1.0 0.0 0.0 0.0
22.200000000000003 5.0 -0.5625 -5.4375 1.0 0.0 0.0 0.0
22.400000000000002 4.9375 -0.625 -5.4375 1.0 0.0 0.0 0.0
22.6 4.875 -0.625 -5.4375 1.0 0.0 0.0 0.0
22.8 4.8125 -0.625 -5.4375 1.0 0.0 0.0 0.0
23.0 4.75 -0.6875 -5.4375 1.0 0.0 0.0 0.0
23.200000000000003 4.6875 -0.6875 -5.4375 1.0 0.0 0.0 0.0
23.400000000000002 4.625 -0.75 -5.4375 1.0 0.0 0.0 0.0
23.6 4.5625 -0.8125 -5.4375 1.0 0.0 0.0 0.0
23.8 4.5 -0.8125 -5.4375 1.0 0.0 0.0 0.0
24.0 4.5 -0.875 -5.4375 1.0 0.0 0.0 0.0
24.200000000000003 4.4375 -0.875 -5.375 1.0 0.0 0.0 0.0
24.400000000000002 4.375 -0.875 -5.375 1.0 0.0 0.0 0.0
24.6 4.3125 -0.9375 -5.3125 1.0 0.0 0.0 0.0
24.8 4.3125 -0.9375 -5.25 1.0 0.0 0.0 0.0
25.0 4.25 -0.9375 -5.1875 1.0 0.0 0.0 0.0
25.200000000000003 4.1875 -0.9375 -5.125 1.0 0.0 0.0 0.0
25.400000000000002 4.125 -0.9375 -5.125 1.0 0.0 0.0 0.0
25.6 4.0625 -1.0 -5.0625 1.0 0.0 0.0 0.0
25.8 4.0 -1.0625 -5.0 1.0 0.0 0.0 0.0
26.0 3.9375 -1.0625 -4.9375 1.0 0.0 0.0 0.0
26.200000000000003 3.875 -1.0625 -4.875 1.0 0.0 0.0 0.0
26.400000000000002 3.875 -1.125 -4.8125 1.0 0.0 0.0 0.0
26.6 3.8125 -1.1875 -4.75 1.0 0.0 0.0 0.0
26.8 3.75 -1.1875 -4.6875 1.0 0.0 0.0 0.0
27.0 3.6875 -1.1875 -4.625 1.0 0.0 0.0 0.0
27.200000000000003 3.625 -1.25 -4.5 1.0 0.0 0.0 0.0
27.400000000000002 3.5 -1.25 -4.4375 1.0 0.0 0.0 0.0
27.6 3.5 -1.25 -4.375 1.0 0.0 0.0 0.0
27.8 3.4375 -1.25 -4.3125 1.0 0.0 0.0 0.0
28.0 3.375 -1.25 -4.25 1.0 0.0 0.0 0.0
28.200000000000003 3.3125 -1.25 -4.125 1.0 0.0 0.0 0.0
28.400000000000002 3.3125 -1.25 -4.0 1.0 0.0 0.0 0.0
28.6 3.25 -1.25 -3.875 1.0 0.0 0.0 0.0
28.8 3.1875 -1.3125 -3.8125 1.0 0.0 0.0 0.0
29.0 3.125 -1.3125 -3.75 1.0 0.0 0.0 0.0
29.200000000000003 3.0625 -1.3125 -3.6875 1.0 0.0 0.0 0.0
29.400000000000002 3.0 -1.3125 -3.625 1.0 0.0 0.0 0.0
29.6 2.9375 -1.3125 -3.5625 1.0 0.0 0.0 0.0
29.8 2.875 -1.3125 -3.5625 1.0 0.0 0.0 0.0
30.0 2.8125 -1.3125 -3.5 1.0 0.0 0.0 0.0
30.200000000000003 2.75 -1.3125 -3.4375 1.0 0.0 0.0 0.0
30.400000000000002 2.625 -1.3125 -3.3125 1.0 0.0 0.0 0.0
30.6 2.5625 -1.3125 -3.25 1.0 0.0 0.0 0.0
30.8 2.5 -1.25 -3.1875 1.0 0.0 0.0 0.0
31.0 2.375 -1.25 -3.125 1.0 0.0 0.0 0.0
31.200000000000003 2.3125 -1.25 -3.0625 1.0 0.0 0.0 0.0
31.400000000000002 2.25 -1.1875 -3.0 1.0 0.0 0.0 0.0
31.6 2.1875 -1.125 -2.9375 1.0 0.0 0.0 0.0
31.8 2.125 -1.125 -2.8125 1.0 0.0 0.0 0.0
32.0 2.125 -1.125 -2.75 1.0 0.0 0.0 0.0
32.2 2.0625 -1.0625 -2.6875 1.0 0.0 0.0 0.0
32.4 2.0 -1.0 -2.5625 1.0 0.0 0.0 0.0
32.6 1.9375 -1.0 -2.5 1.0 0.0 0.0 0.0
32.800000000000004 1.9375 -0.9375 -2.4375 1.0 0.0 0.0 0.0
33.0 1.875 -0.9375 -2.375 1.0 0.0 0.0 0.0
33.2 1.875 -0.9375 -2.25 1.0 0.0 0.0 0.0
33.4 1.8125 -0.875 -2.125 1.0 0.0 0.0 0.0
33.6 1.625 -0.875 -2.0 1.0 0.0 0.0 0.0
33.800000000000004 1.0625 -0.875 -1.875 1.0 0.0 0.0 0.0
34.0 1.0 -0.875 -1.8125 1.0 0.0 0.0 0.0
34.2 1.0 -0.875 -1.6875 1.0 0.0 0.0 0.0
34.4 0.875 -0.8125 -1.625 1.0 0.0 0.0 0.0
34.6 0.8125 -0.8125 -1.5 1.0 0.0 0.0 0.0
34.800000000000004 0.8125 -0.75 -1.375 1.0 0.0 0.0 0.0
35.0 0.8125 -0.75 -1.375 1.0 0.0 0.0 0.0
35.2 0.75 -0.75 -1.3125 1.0 0.0 0.0 0.0
35.4 0.75 -0.75 -1.25 1.0 0.0 0.0 0.0
35.6 0.6875 -0.6875 -1.125 1.0 0.0 0.0 0.0
35.800000000000004 0.6875 -0.6875 -0.9375 1.0 0.0 0.0 0.0
36.0 0.625 -0.625 -0.9375 1.0 0.0 0.0 0.0
36.2 0.5625 -0.5625 -0.875 1.0 0.0 0.0 0.0
36.4 0.5625 -0.4375 -0.8125 1.0 0.0 0.0 0.0
36.6 0.5 -0.375 -0.75 1.0 0.0 0.0 0.0
36.800000000000004 0.4375 -0.375 -0.6875 1.0 0.0 0.0 0.0
37.0 0.375 -0.375 -0.5625 1.0 0.0 0.0 0.0
37.2 0.375 -0.3125 -0.5 1.0 0.0 0.0 0.0
37.4 0.25 -0.3125 -0.5 1.0 0.0 0.0 0.0
37.6 0.1875 -0.25 -0.375 1.0 0.0 0.0 0.0
37.800000000000004 0.1875 -0.25 -0.3125 1.0 0.0 0.0 0.0
38.0 0.125 -0.25 -0.25 1.0 0.0 0.0 0.0
38.2 0.0625 -0.25 -0.125 1.0 0.0 0.0 0.0
38.400000000000006 0.0 -0.1875 -0.125 1.0 0.0 0.0 0.0
38.6 -0.0625 -0.125 -0.0625 1.0 0.0 0.0 0.0
38.800000000000004 -0.0625 -0.125 0.0 1.0 0.0 0.0 0.0
39.0 -0.125 -0.125 0.0625 1.0 0.0 0.0 0.0
39.2 -0.125 -0.125 0.125 1.0 0.0 0.0 0.0
39.400000000000006 -0.125 -0.125 0.125 1.0 0.0 0.0 0.0
39.6 -0.125 -0.125 0.1875 1.0 0.0 0.0 0.0
39.800000000000004 -0.125 -0.0625 0.3125 1.0 0.0 0.0 0.0
40.0 -0.125 -0.0625 0.3125 1.0 0.0 0.0 0.0
40.2 -0.125 -0.0625 0.3125 1.0 0.0 0.0 0.0
40.400000000000006 -0.125 -0.0625 0.3125 1.0 0.0 0.0 0.0
40.6 -0.125 -0.0625 0.5625 1.0 0.0 0.0 0.0
40.800000000000004 -0.125 -0.0625 0.5625 1.0 0.0 0.0 0.0
41.0 -0.1875 -0.0625 0.5625 1.0 0.0 0.0 0.0
41.2 -0.1875 -0.0625 0.5625 1.0 0.0 0.0 0.0
41.400000000000006 -0.1875 0.0 0.5625 1.0 0.0 0.0 0.0
41.6 -0.1875 0.0 0.5625 1.0 0.0 0.0 0.0
41.800000000000004 -0.1875 0.0625 0.5625 1.0 0.0 0.0 0.0
42.0 -0.1875 0.0625 0.5625 1.0 0.0 0.0 0.0
42.2 -0.1875 0.0625 0.5625 1.0 0.0 0.0 0.0
42.400000000000006 -0.1875 0.0625 0.5 1.0 0.0 0.0 0.0
42.6 -0.1875 0.0625 0.5 1.0 0.0 0.0 0.0
42.800000000000004 -0.1875 0.0625 0.5 1.0 0.0 0.0 0.0
43.0 -0.1875 0.0625 0.5 1.0 0.0 0.0 0.0
43.2 -0.1875 0.125 0.4375 1.0 0.0 0.0 0.0
43.400000000000006 -0.1875 0.125 0.375 1.0 0.0 0.0 0.0
43.6 -0.1875 0.125 0.375 1.0 0.0 0.0 0.0
43.800000000000004 -0.1875 0.125 0.375 1.0 0.0 0.0 0.0
44.0 -0.1875 0.125 0.375 1.0 0.0 0.0 0.0
44.2 -0.1875 0.125 0.375 1.0 0.0 0.0 0.0
44.400000000000006 -0.1875 0.125 0.3125 1.0 0.0 0.0 0.0
44.6 -0.1875 0.125 0.25 1.0 0.0 0.0 0.0
44.800000000000004 -0.125 0.125 0.1875 1.0 0.0 0.0 0.0
45.0 -0.125 0.125 0.1875 1.0 0.0 0.0 0.0
45.2 -0.125 0.125 0.125 1.0 0.0 0.0 0.0
45.400000000000006 -0.0625 0.125 0.125 1.0 0.0 0.0 0.0
45.6 -0.0625 0.125 0.125 1.0 0.0 0.0 0.0
45.800000000000004 -0.0625 0.125 0.125 1.0 0.0 0.0 0.0
46.0 -0.0625 0.125 0.125 1.0 0.0 0.0 0.0
46.2 -0.0625 0.125 0.125 1.0 0.0 0.0 0.0
46.400000000000006 0.0 0.125 0.125 1.0 0.0 0.0 0.0
46.6 0.0 0.125 0.125 1.0 0.0 0.0 0.0
46.800000000000004 0.0 0.125 0.0625 1.0 0.0 0.0 0.0
47.0 0.0 0.125 0.0625 1.0 0.0 0.0 0.0
47.2 0.0 0.0625 0.0625 1.0 0.0 0.0 0.0
47.400000000000006 0.0625 0.0625 0.0625 1.0 0.0 0.0 0.0
47.6 0.0625 0.0 0.0625 1.0 0.0 0.0 0.0
47.800000000000004 0.125 0.0 0.0625 1.0 0.0 0.0 0.0
48.0 0.125 0.0 0.0625 1.0 0.0 0.0 0.0
48.2 0.125 0.0 0.0 1.0 0.0 0.0 0.0
48.400000000000006 0.1875 0.0 0.0 1.0 0.0 0.0 0.0
48.6 0.3125 0.0 0.0 1.0 0.0 0.0 0.0
48.800000000000004 0.3125 -0.0625 0.0 1.0 0.0 0.0 0.0
49.0 0.375 -0.0625 0.0 1.0 0.0 0.0 0.0
49.2 0.375 -0.0625 0.625 1.0 0.0 0.0 0.0
49.400000000000006 0.375 -0.0625 0.625 1.0 0.0 0.0 0.0
49.6 0.375 -0.125 0.625 1.0 0.0 0.0 0.0
49.800000000000004 0.375 -0.1875 0.375 1.0 0.0 0.0 0.0
50.0 0.4375 -0.25 0.375 1.0 0.0 0.0 0.0
50.2 0.4375 -0.3125 0.375 1.0 0.0 0.0 0.0
50.400000000000006 0.4375 -0.3125 0.3125 1.0 0.0 0.0 0.0
50.6 0.4375 -0.3125 0.25 1.0 0.0 0.0 0.0
50.800000000000004 0.4375 -0.3125 0.1875 1.0 0.0 0.0 0.0
51.0 0.4375 -0.3125 0.125 1.0 0.0 0.0 0.0
51.2 0.4375 -0.25 0.0625 1.0 0.0 0.0 0.0
51.400000000000006 0.4375 -0.25 0.0 1.0 0.0 0.0 0.0
51.6 0.4375 -0.25 -0.0625 1.0 0.0 0.0 0.0
51.800000000000004 0.4375 -0.25 -0.1875 1.0 0.0 0.0 0.0
52.0 0.4375 -0.25 -0.25 1.0 0.0 0.0 0.0
52.2 0.4375 -0.25 -0.375 1.0 0.0 0.0 0.0
52.400000000000006 0.4375 -0.25 -0.4375 1.0 0.0 0.0 0.0
52.6 0.4375 -0.1875 -0.5 1.0 0.0 0.0 0.0
52.800000000000004 0.4375 -0.1875 -0.5 1.0 0.0 0.0 0.0
53.0 0.4375 -0.1875 -0.5 1.0 0.0 0.0 0.0
53.2 0.4375 -0.1875 -0.5625 1.0 0.0 0.0 0.0
53.400000000000006 0.4375 -0.125 -0.5625 1.0 0.0 0.0 0.0
53.6 0.4375 -0.125 -0.5625 1.0 0.0 0.0 0.0
53.800000000000004 0.4375 -0.125 -0.5625 1.0 0.0 0.0 0.0
54.0 0.4375 -0.125 -0.5625 1.0 0.0 0.0 0.0
54.2 0.4375 -0.125 -0.5625 1.0 0.0 0.0 0.0
54.400000000000006 0.4375 -0.125 -0.5625 1.0 0.0 0.0 0.0
54.6 0.4375 -0.125 -0.5 1.0 0.0 0.0 0.0
54.800000000000004 0.5 -0.125 -0.5 1.0 0.0 0.0 0.0
55.0 0.5 -0.125 -0.5 1.0 0.0 0.0 0.0
55.2 0.5 -0.125 -0.4375 1.0 0.0 0.0 0.0
55.400000000000006 0.5 -0.0625 -0.375 1.0 0.0 0.0 0.0
55.6 0.5 -0.0625 -0.25 1.0 0.0 0.0 0.0
55.800000000000004 0.5 -0.0625 -0.1875 1.0 0.0 0.0 0.0
56.0 0.5 -0.0625 -0.125 1.0 0.0 0.0 0.0
56.2 0.5 -0.0625 -0.0625 1.0 0.0 0.0 0.0
56.400000000000006 0.5 -0.0625 -0.0625 1.0 0.0 0.0 0.0
56.6 0.5 -0.0625 0.0 1.0 0.0 0.0 0.0
56.800000000000004 0.5 0.0 0.0 1.0 0.0 0.0 0.0
57.0 0.5 0.0 0.0625 1.0 0.0 0.0 0.0
57.2 0.4375 0.0 0.125 1.0 0.0 0.0 0.0
57.400000000000006 0.4375 0.0 0.1875 1.0 0.0 0.0 0.0
57.6 0.4375 0.0 0.25 1.0 0.0 0.0 0.0
57.800000000000004 0.4375 0.0 0.375 1.0 0.0 0.0 0.0
58.0 0.4375 0.0 0.375 1.0 0.0 0.0 0.0
58.2 0.4375 0.0625 0.4375 1.0 0.0 0.0 0.0
58.400000000000006 0.4375 0.0625 0.4375 1.0 0.0 0.0 0.0
58.6 0.4375 0.0625 0.4375 1.0 0.0 0.0 0.0
58.800000000000004 0.4375 0.0625 0.4375 1.0 0.0 0.0 0.0
59.0 0.375 0.0625 0.4375 1.0 0.0 0.0 0.0
59.2 0.375 0.0625 0.4375 1.0 0.0 0.0 0.0
59.400000000000006 0.375 0.0625 0.5 1.0 0.0 0.0 0.0
59.6 0.375 0.0625 0.5 1.0 0.0 0.0 0.0
59.800000000000004 0.375 0.0625 0.5 1.0 0.0 0.0 0.0
60.0 0.375 0.0625 0.5 1.0 0.0 0.0 0.0
60.2 0.375 0.0625 0.5 1.0 0.0 0.0 0.0
60.400000000000006 0.375 0.0625 0.5 1.0 0.0 0.0 0.0
60.6 0.375 0.0625 0.5 1.0 0.0 0.0 0.0
60.800000000000004 0.375 0.0625 0.4375 1.0 0.0 0.0 0.0
61.0 0.375 0.0625 0.4375 1.0 0.0 0.0 0.0
61.2 0.3125 0.0625 0.375 1.0 0.0 0.0 0.0
61.400000000000006 0.3125 0.0625 0.3125 1.0 0.0 0.0 0.0
61.6 0.25 0.0625 0.3125 1.0 0.0 0.0 0.0
61.800000000000004 0.25 0.0625 0.25 1.0 0.0 0.0 0.0
62.0 0.25 0.0625 0.25 1.0 0.0 0.0 0.0
62.2 0.1875 0.0625 0.1875 1.0 0.0 0.0 0.0
62.400000000000006 0.1875 0.0625 0.125 1.0 0.0 0.0 0.0
62.6 0.1875 0.0625 0.125 1.0 0.0 0.0 0.0
62.800000000000004 0.1875 0.0625 0.125 1.0 0.0 0.0 0.0
63.0 0.1875 0.0625 0.125 1.0 0.0 0.0 0.0
63.2 0.125 0.0625 0.0625 1.0 0.0 0.0 0.0
63.400000000000006 0.125 0.0625 0.0625 1.0 0.0 0.0 0.0
63.6 0.125 0.0625 0.0625 1.0 0.0 0.0 0.0
63.800000000000004 0.125 -0.0625 0.0 1.0 0.0 0.0 0.0
64.0 0.125 -0.25 0.0 1.0 0.0 0.0 0.0
64.2 0.125 -0.5 -0.0625 1.0 0.0 0.0 0.0
64.4 0.125 -0.4375 -0.0625 1.0 0.0 0.0 0.0
64.60000000000001 0.125 -0.4375 -0.125 1.0 0.0 0.0 0.0
64.8 0.125 -0.4375 -0.125 1.0 0.0 0.0 0.0
65.0 0.125 -0.4375 -0.125 1.0 0.0 0.0 0.0
65.2 0.0625 -0.4375 -0.1875 1.0 0.0 0.0 0.0
65.4 0.0625 -0.375 -0.1875 1.0 0.0 0.0 0.0
65.60000000000001 0.0625 -0.375 -0.1875 1.0 0.0 0.0 0.0
65.8 0.0625 -0.3125 -0.1875 1.0 0.0 0.0 0.0
