0.0 3.6129311130840778 4.031293206351085 5.36660827004123 1.0 0.0 0.0 0.0
0.2 2.699198933703741 5.035603324331537 5.227731249004578 1.0 0.0 0.0 0.0
0.4 2.6935163499367896 4.537208317207401 3.9843197444111165 1.0 0.0 0.0 0.0
0.6000000000000001 3.7782782567102746 4.013381399121623 4.9094592670971595 1.0 0.0 0.0 0.0
0.8 3.837889325086306 4.295695185574441 4.848962325477425 1.0 0.0 0.0 0.0
1.0 4.0588174914241355 4.594566797980935 4.2489066256972166 1.0 0.0 0.0 0.0
1.2000000000000002 3.2652896424165716 5.079137728715887 4.087714508173547 1.0 0.0 0.0 0.0
1.4000000000000001 2.961748879139586 3.9961715267345146 4.049593157073656 1.0 0.0 0.0 0.0
1.6 2.8228663615199934 4.902583184875212 4.45973923998743 1.0 0.0 0.0 0.0
1.8 2.9117435650972294 4.039411345282368 4.748204659923425 1.0 0.0 0.0 0.0
2.0 4.00630797715198 4.203611939765424 4.299138256525039 1.0 0.0 0.0 0.0
2.2 3.976290199061437 4.494845296609369 4.007741384874556 1.0 0.0 0.0 0.0
2.4000000000000004 2.8053074996647203 4.544628597568193 5.048278509589854 1.0 0.0 0.0 0.0
2.6 3.249385624997994 5.152582721581114 3.9412264899792753 1.0 0.0 0.0 0.0
2.8000000000000003 3.2069437939451806 3.7592623397561806 4.133622155184186 1.0 0.0 0.0 0.0
3.0 3.1209782495632648 3.8878956849049664 4.30044963174081 1.0 0.0 0.0 0.0
3.2 2.911310923565384 4.165304176244796 3.931269311114207 1.0 0.0 0.0 0.0
3.4000000000000004 3.726843563737848 4.328137097109489 5.296315766785516 1.0 0.0 0.0 0.0
3.6 3.6539568704471805 5.247925634075043 5.304895271796006 1.0 0.0 0.0 0.0
3.8000000000000003 3.2728758437883516 4.129462039828752 4.537994349969628 1.0 0.0 0.0 0.0
4.0 3.354343207492702 4.827239049785711 4.331233697924113 1.0 0.0 0.0 0.0
4.2 4.354846635583393 3.8517328868787306 4.143084036719242 1.0 0.0 0.0 0.0
4.4 3.4524936529227173 4.015768524047452 5.019654609991711 1.0 0.0 0.0 0.0
4.6000000000000005 3.7743189434500506 4.945442860380222 4.297001078915359 1.0 0.0 0.0 0.0
4.800000000000001 3.9502839228732496 4.564999929980251 4.253468190253601 1.0 0.0 0.0 0.0
5.0 3.486471832236517 3.9413266335744823 4.334471672974943 1.0 0.0 0.0 0.0
5.2 3.8447311247754237 4.8067235177291145 3.821791984365343 1.0 0.0 0.0 0.0
5.4 4.074380738548152 4.090576936961301 4.67020384229314 1.0 0.0 0.0 0.0
5.6000000000000005 3.3306255324529745 4.578426289414308 4.385395038238536 1.0 0.0 0.0 0.0
5.800000000000001 3.3614264786063512 4.743686988660457 4.929081205864032 1.0 0.0 0.0 0.0
6.0 4.089082784790424 4.391435666280091 4.1831352688762005 1.0 0.0 0.0 0.0
6.2 4.041842653786012 4.3251473034477295 4.392152026168388 1.0 0.0 0.0 0.0
6.4 3.9230698960564796 4.937425321192727 4.8228038588706905 1.0 0.0 0.0 0.0
6.6000000000000005 4.577863749564601 4.229375271641013 4.72920714793731 1.0 0.0 0.0 0.0
6.800000000000001 4.67010846511725 4.81858941210835 4.2144583953294905 1.0 0.0 0.0 0.0
7.0 3.850756726177182 4.894839945162003 4.579221864478373 1.0 0.0 0.0 0.0
7.2 4.438044368026322 5.24063657696017 4.711600108277894 1.0 0.0 0.0 0.0
7.4 3.8157273916637684 4.854847640679274 5.24417370158165 1.0 0.0 0.0 0.0
7.6000000000000005 3.8822112005475877 5.4693685875500675 4.157460655193962 1.0 0.0 0.0 0.0
7.800000000000001 4.508256556402351 5.022771009756697 4.007996485044788 1.0 0.0 0.0 0.0
8.0 4.381502856163301 4.905107326678041 5.180177368963564 1.0 0.0 0.0 0.0
8.200000000000001 3.8767311261283317 4.731404034439682 5.2056714847363565 1.0 0.0 0.0 0.0
8.4 4.352776311644077 4.508921765879771 4.9396299979666205 1.0 0.0 0.0 0.0
8.6 4.160356255050256 5.316283785741476 4.272093407776398 1.0 0.0 0.0 0.0
8.8 5.0148714385843665 5.557680168354054 4.823286204215295 1.0 0.0 0.0 0.0
9.0 4.909835069926677 5.994896405307931 4.091072047445195 1.0 0.0 0.0 0.0
9.200000000000001 4.7619869143182445 5.785740578052487 4.45278910284512 1.0 0.0 0.0 0.0
9.4 4.502521258792433 5.8114283369677535 4.82787668884184 1.0 0.0 0.0 0.0
9.600000000000001 4.764628898386121 6.100793174369812 4.130454005425032 1.0 0.0 0.0 0.0
9.8 5.06375922457731 6.644406907901256 3.8269108400672227 1.0 0.0 0.0 0.0
10.0 5.497873031653075 6.61314481078106 4.2197808717544945 1.0 0.0 0.0 0.0
10.200000000000001 5.671603678210241 5.936935797387554 4.246226411650622 1.0 0.0 0.0 0.0
10.4 4.788905968902495 5.767754907352972 4.876654406606475 1.0 0.0 0.0 0.0
10.600000000000001 4.47000070245099 6.699112618889153 4.364066415265655 1.0 0.0 0.0 0.0
10.8 4.727633933487438 6.615861390013896 4.303119543317415 1.0 0.0 0.0 0.0
11.0 5.493924316606993 6.664466461043909 4.194915518680541 1.0 0.0 0.0 0.0
11.200000000000001 5.377124154545232 6.693606892774708 3.9806939011034674 1.0 0.0 0.0 0.0
11.4 5.362771345080714 7.079696929278857 4.833445213542671 1.0 0.0 0.0 0.0
11.600000000000001 5.15544018985625 6.3738761749506505 4.6507674070577565 1.0 0.0 0.0 0.0
11.8 5.2659288879507775 7.135781606656059 4.994880591936873 1.0 0.0 0.0 0.0
12.0 4.620629355947289 7.541462020221182 4.7093589044744135 1.0 0.0 0.0 0.0
12.200000000000001 4.392644545830949 6.31589501527565 4.870204720864346 1.0 0.0 0.0 0.0
12.4 4.82877013317105 6.371427856648818 5.220811335139701 1.0 0.0 0.0 0.0
12.600000000000001 4.724761914474953 7.645250004591301 4.991972917845298 1.0 0.0 0.0 0.0
12.8 4.971621896887273 6.732528123230798 4.595279532494977 1.0 0.0 0.0 0.0
13.0 4.4495843096422325 6.789451186819808 4.9024095302237995 1.0 0.0 0.0 0.0
13.200000000000001 5.465264685766856 6.652676977807057 5.097673131444516 1.0 0.0 0.0 0.0
13.4 4.388209224287458 6.942405574127179 4.0817514265305705 1.0 0.0 0.0 0.0
13.600000000000001 4.655773998177212 7.549098591714651 4.055256945751056 1.0 0.0 0.0 0.0
13.8 5.601163512368238 7.568959346843859 4.117547425436597 1.0 0.0 0.0 0.0
14.0 4.668351933910434 6.651040988296849 4.596400550128212 1.0 0.0 0.0 0.0
14.200000000000001 5.6508895582727625 7.118526306628825 4.169050139356864 1.0 0.0 0.0 0.0
14.4 4.5985403206036874 7.406419815141036 4.704892964264321 1.0 0.0 0.0 0.0
14.600000000000001 4.852550162262078 6.674585882395265 5.33606152157589 1.0 0.0 0.0 0.0
14.8 5.539755668835083 7.921973226115423 4.499081792614146 1.0 0.0 0.0 0.0
15.0 4.760622711625392 6.9808288178030375 4.720266764013468 1.0 0.0 0.0 0.0
15.200000000000001 5.130830489080119 7.161742197939556 4.3365116446213445 1.0 0.0 0.0 0.0
15.4 4.888131546591063 7.60538586851212 4.382111206720423 1.0 0.0 0.0 0.0
15.600000000000001 4.454373060811237 7.269064296968581 4.383311210961913 1.0 0.0 0.0 0.0
15.8 4.237474478963913 7.915190581949176 4.971451588835985 1.0 0.0 0.0 0.0
16.0 4.020973298385821 7.006377413110831 4.374459468564254 1.0 0.0 0.0 0.0
16.2 4.21304080972779 8.210464594097395 4.365428634827682 1.0 0.0 0.0 0.0
16.400000000000002 5.171516896717943 7.839493395213303 5.214903637997314 1.0 0.0 0.0 0.0
16.6 4.702686781624708 7.177410080593734 5.480799242531301 1.0 0.0 0.0 0.0
16.8 4.1668973170779715 7.135358876371011 4.312087297112832 1.0 0.0 0.0 0.0
17.0 3.9645960022964397 7.172945423589868 5.099448484775864 1.0 0.0 0.0 0.0
17.2 4.456240539132572 7.515526760434145 5.275902043686368 1.0 0.0 0.0 0.0
17.400000000000002 4.465294826670201 8.365628042972212 4.342264516493408 1.0 0.0 0.0 0.0
17.6 3.90919958542675 7.153457444607301 5.704573219811254 1.0 0.0 0.0 0.0
17.8 4.009835587545124 7.3118323256389814 5.574382795621287 1.0 0.0 0.0 0.0
18.0 4.451615006318469 7.154120236287573 4.728610379865303 1.0 0.0 0.0 0.0
18.2 4.50275625989193 7.652716704177253 5.390571794397022 1.0 0.0 0.0 0.0
18.400000000000002 4.723093505221245 8.517796510148587 5.071160955758947 1.0 0.0 0.0 0.0
18.6 4.460571831751142 7.907810162661139 4.761400673530154 1.0 0.0 0.0 0.0
18.8 3.827306644023189 8.192249965290529 5.689110603418296 1.0 0.0 0.0 0.0
19.0 4.621612667843841 7.460014783880142 4.715437756526235 1.0 0.0 0.0 0.0
19.200000000000003 4.350655225164173 7.96049350381401 5.8970240921702555 1.0 0.0 0.0 0.0
19.400000000000002 4.318274362733243 7.960372777068005 5.710711398177337 1.0 0.0 0.0 0.0
19.6 4.472660285323807 7.684209748848344 4.807876819092362 1.0 0.0 0.0 0.0
19.8 4.0007980819638025 8.100073504495802 5.471806446644327 1.0 0.0 0.0 0.0
20.0 3.247394747517914 7.395754760610087 4.520343921595179 1.0 0.0 0.0 0.0
20.200000000000003 3.727149212153887 7.609447198765547 5.078655805904088 1.0 0.0 0.0 0.0
20.400000000000002 2.9887838872962105 8.437631661907014 5.916985666992069 1.0 0.0 0.0 0.0
20.6 4.102658011496247 7.961829682865739 4.5626999943221405 1.0 0.0 0.0 0.0
20.8 4.31864822101593 8.162896720005472 5.073075440739286 1.0 0.0 0.0 0.0
21.0 3.897278853470767 8.664196674095665 4.941408591226441 1.0 0.0 0.0 0.0
21.200000000000003 2.9378796819778903 7.867827875957898 4.567587469911894 1.0 0.0 0.0 0.0
21.400000000000002 3.1815088882528597 7.79894472861511 4.915828082337109 1.0 0.0 0.0 0.0
21.6 4.109316242165319 7.958045687998839 5.693724320895841 1.0 0.0 0.0 0.0
21.8 3.4977607841832348 8.705563296960328 5.772924200935735 1.0 0.0 0.0 0.0
22.0 3.661813184691587 7.740214502697869 5.340048772449356 1.0 0.0 0.0 0.0
22.200000000000003 3.191646159608641 8.973507491998436 4.64563459138879 1.0 0.0 0.0 0.0
22.400000000000002 3.8402128094007435 7.909161158328465 4.6199648677063605 1.0 0.0 0.0 0.0
22.6 3.9342575144009992 9.17844771823109 5.619160728574297 1.0 0.0 0.0 0.0
22.8 3.830701731212502 8.927554456981255 4.9729206173069835 1.0 0.0 0.0 0.0
23.0 3.007800754581979 8.85537564115 4.907047749741103 1.0 0.0 0.0 0.0
23.200000000000003 3.2765941560070666 8.918716793274843 5.2343309809619525 1.0 0.0 0.0 0.0
23.400000000000002 3.3822933779766355 8.724783643062015 5.1771416500763205 1.0 0.0 0.0 0.0
23.6 3.081849977197585 8.434297343903616 5.535938789416106 1.0 0.0 0.0 0.0
23.8 3.718289233035028 8.534639006049588 5.866174979578339 1.0 0.0 0.0 0.0
24.0 2.723697631007093 9.192315369907762 4.384079610349554 1.0 0.0 0.0 0.0
24.200000000000003 2.9813930915939753 9.166284898956159 4.584954561309001 1.0 0.0 0.0 0.0
24.400000000000002 2.7013239696433504 8.45921438359621 4.574999725110301 1.0 0.0 0.0 0.0
24.6 2.6272670713785966 8.469917251929806 4.32753975679992 1.0 0.0 0.0 0.0
24.8 2.4718849543966277 9.111761688011942 5.3293506338734815 1.0 0.0 0.0 0.0
25.0 2.7561971903308944 9.550065506061568 5.435523435772111 1.0 0.0 0.0 0.0
25.200000000000003 3.8452235505419092 8.777135060195796 5.439516219670606 1.0 0.0 0.0 0.0
25.400000000000002 2.4506143456959295 8.793888095090175 4.406745563617458 1.0 0.0 0.0 0.0
25.6 3.4120566706467232 9.792218155077958 4.850690854752067 1.0 0.0 0.0 0.0
25.8 3.149613498226583 9.85441895469282 5.497499909787009 1.0 0.0 0.0 0.0
26.0 3.0098383653017233 9.704918474612155 5.098873755840882 1.0 0.0 0.0 0.0
26.200000000000003 2.738816482503054 9.348010605156635 4.437756985271652 1.0 0.0 0.0 0.0
26.400000000000002 2.609967407793306 9.52270266976593 4.556549621782918 1.0 0.0 0.0 0.0
26.6 3.082741087789688 9.24062303287605 4.081052785605624 1.0 0.0 0.0 0.0
26.8 3.1277221687822623 10.181150122010136 4.946876904936764 1.0 0.0 0.0 0.0
27.0 2.2497914840625164 9.439533479976289 4.308712068605598 1.0 0.0 0.0 0.0
27.200000000000003 3.397116211206274 9.18899513039129 4.512448365485296 1.0 0.0 0.0 0.0
27.400000000000002 3.101043289704985 8.786501788610053 4.989881496939889 1.0 0.0 0.0 0.0
27.6 2.130960885060151 10.162874310552166 4.492388434971192 1.0 0.0 0.0 0.0
27.8 3.0889508107669457 9.926799548854515 4.556709692345669 1.0 0.0 0.0 0.0
28.0 2.7836729893184207 9.431906206820894 4.535365345763923 1.0 0.0 0.0 0.0
28.200000000000003 2.1315459116559636 9.116672853968623 4.964401556781688 1.0 0.0 0.0 0.0
28.400000000000002 2.95577620517163 9.182155491758623 4.3658125151038 1.0 0.0 0.0 0.0
28.6 2.1776328889708974 9.787511617173143 4.193291959909735 1.0 0.0 0.0 0.0
28.8 1.6479670426412036 9.436789962933938 4.544749889234152 1.0 0.0 0.0 0.0
29.0 2.894530885669311 9.517525767934936 3.909871980161683 1.0 0.0 0.0 0.0
29.200000000000003 2.1163537946762085 9.619404673072587 4.873900127741229 1.0 0.0 0.0 0.0
29.400000000000002 2.93844151636639 9.068132234868404 3.969167800412507 1.0 0.0 0.0 0.0
29.6 1.8863643487702502 10.129559676554189 3.858803064539168 1.0 0.0 0.0 0.0
29.8 2.889455944810311 10.404538091584811 4.868913747980635 1.0 0.0 0.0 0.0
30.0 2.1387348796684007 9.7168876628951 3.7642356749631314 1.0 0.0 0.0 0.0
30.200000000000003 2.4793631369513767 9.810400926620492 4.691679051868951 1.0 0.0 0.0 0.0
30.400000000000002 1.8595907742524265 9.388695887693167 4.681739148654099 1.0 0.0 0.0 0.0
30.6 1.599668368495259 9.333198300042959 4.150336566415746 1.0 0.0 0.0 0.0
30.8 2.027405425869475 9.631196541121952 4.698082692299401 1.0 0.0 0.0 0.0
31.0 2.403303193307114 9.417788708466166 4.830604529040183 1.0 0.0 0.0 0.0
31.200000000000003 1.368952974432951 9.560046872680102 4.14308052505782 1.0 0.0 0.0 0.0
31.400000000000002 2.412673384037094 10.580457033126777 4.226689258809399 1.0 0.0 0.0 0.0
31.6 2.228928103612752 9.578413656247601 4.983868766308296 1.0 0.0 0.0 0.0
31.8 1.959694296381803 9.885935549852817 4.243939696013468 1.0 0.0 0.0 0.0
32.0 1.9893576975831526 10.609484457281688 4.927209732064604 1.0 0.0 0.0 0.0
32.2 2.5700389850467933 9.994554139236815 4.923406158129163 1.0 0.0 0.0 0.0
32.4 1.8380707664228177 10.699533479789494 4.642405407439014 1.0 0.0 0.0 0.0
32.6 2.5518765343171226 10.171744005768533 4.694986024345045 1.0 0.0 0.0 0.0
32.800000000000004 2.6776916481463036 10.010248181384302 4.744746288297767 1.0 0.0 0.0 0.0
33.0 1.4604020034581806 10.69568128181295 3.9333213679073915 1.0 0.0 0.0 0.0
33.2 2.71577469611253 10.9300251654471 4.806013925127571 1.0 0.0 0.0 0.0
33.4 2.3410751931467386 10.902340063633712 4.431850648777623 1.0 0.0 0.0 0.0
33.6 1.3541630858109177 9.892981603651695 3.7385653726457635 1.0 0.0 0.0 0.0
33.800000000000004 2.6984475139274386 10.38523022110728 3.4357944704095633 1.0 0.0 0.0 0.0
34.0 1.7081746670708284 9.64174601390275 4.017637425192491 1.0 0.0 0.0 0.0
34.2 1.7886593219169078 10.06650387956241 4.224941021904052 1.0 0.0 0.0 0.0
34.4 1.7009502045997413 9.692997189926963 3.6955122182713374 1.0 0.0 0.0 0.0
34.6 2.7348419844439213 10.417954687427152 3.7957958116611388 1.0 0.0 0.0 0.0
34.800000000000004 2.273604628027093 10.227644717443328 3.819136496047159 1.0 0.0 0.0 0.0
35.0 2.64651041178093 10.692093500549113 4.273279800863369 1.0 0.0 0.0 0.0
35.2 2.2730464968421695 10.85827452896809 4.8077225121327505 1.0 0.0 0.0 0.0
35.4 2.472621306299634 10.666429529057957 3.5706145074376807 1.0 0.0 0.0 0.0
35.6 2.6843008072460433 10.498574078041687 4.54710601220414 1.0 0.0 0.0 0.0
35.800000000000004 2.249463276877707 10.184975950828726 4.78274633544579 1.0 0.0 0.0 0.0
36.0 2.0281455304781977 11.052112362687016 4.320490728780644 1.0 0.0 0.0 0.0
36.2 3.154638500099833 10.47487664115721 4.478065032758154 1.0 0.0 0.0 0.0
36.4 2.845888090798722 11.222206818690466 4.0205577783815585 1.0 0.0 0.0 0.0
36.6 3.1577181455476757 11.219744247055951 4.621754158197485 1.0 0.0 0.0 0.0
36.800000000000004 1.9327361299648604 10.018010802678214 3.654587562945989 1.0 0.0 0.0 0.0
37.0 2.3803655506793264 10.000437817674003 4.810632179842962 1.0 0.0 0.0 0.0
37.2 2.0437069925607947 10.377547052886541 3.8973288459669826 1.0 0.0 0.0 0.0
37.4 3.0907639655815924 11.199906912096361 4.245433075194587 1.0 0.0 0.0 0.0
37.6 3.064402873783207 10.237251513396519 4.081811522359583 1.0 0.0 0.0 0.0
37.800000000000004 2.7065300377334385 10.733922266028568 3.786421793922756 1.0 0.0 0.0 0.0
38.0 2.28945079264098 11.175333305112218 4.527129502386146 1.0 0.0 0.0 0.0
38.2 2.1373027908759976 10.273407606681054 3.762811834269449 1.0 0.0 0.0 0.0
38.400000000000006 3.437005130685345 10.200569263546393 3.581126773011007 1.0 0.0 0.0 0.0
38.6 2.2448555783261352 10.704817167476598 4.859374273758355 1.0 0.0 0.0 0.0
38.800000000000004 2.188851779158729 11.235429872709615 4.796531531002962 1.0 0.0 0.0 0.0
39.0 2.825703629020178 10.053806595000847 4.013980480782676 1.0 0.0 0.0 0.0
39.2 2.1851166049702733 10.607953857835462 3.900552206527404 1.0 0.0 0.0 0.0
39.400000000000006 2.9284708521143177 11.243446534395646 4.995796897060824 1.0 0.0 0.0 0.0
39.6 2.6380444952908766 11.380642649260437 3.946445433216262 1.0 0.0 0.0 0.0
39.800000000000004 2.6816038977644556 10.288328091923798 4.091112153146696 1.0 0.0 0.0 0.0
40.0 3.427382503399488 11.408270126553761 3.686408098967842 1.0 0.0 0.0 0.0
40.2 2.7109827559077866 11.468455699216683 4.909577445943606 1.0 0.0 0.0 0.0
40.400000000000006 2.5585326433078364 10.37627049122074 4.262498318618812 1.0 0.0 0.0 0.0
40.6 2.5989292773557366 11.1821221079276 4.707577136056575 1.0 0.0 0.0 0.0
40.800000000000004 2.9608378759410643 10.18053812213841 3.8881906583804717 1.0 0.0 0.0 0.0
41.0 3.301936944945867 10.590242953383507 4.049712244014013 1.0 0.0 0.0 0.0
41.2 2.7745294301407393 10.251339866583324 5.242253057348959 1.0 0.0 0.0 0.0
41.400000000000006 3.449239903284708 10.31325779293717 5.030492579909489 1.0 0.0 0.0 0.0
41.6 3.4561733082238852 10.604232099941143 4.476828698111959 1.0 0.0 0.0 0.0
41.800000000000004 3.955133801765477 10.789481545268941 4.999247386324695 1.0 0.0 0.0 0.0
42.0 2.8106407735229757 11.01978613079373 5.4966653874278855 1.0 0.0 0.0 0.0
42.2 3.5406999544829123 11.555977089698448 5.741328185499576 1.0 0.0 0.0 0.0
42.400000000000006 3.1258620282818743 10.28443287250854 5.937694046668312 1.0 0.0 0.0 0.0
42.6 3.0476540009815545 11.484376388066838 5.609583936878026 1.0 0.0 0.0 0.0
42.800000000000004 3.5928142889604695 11.42719307253208 5.582635274442019 1.0 0.0 0.0 0.0
43.0 4.1755381355897105 10.820146490665195 5.171387713099313 1.0 0.0 0.0 0.0
43.2 3.364854086800887 11.236791429840588 6.332241623644759 1.0 0.0 0.0 0.0
43.400000000000006 3.254611098805002 11.05203513837189 5.953116977803321 1.0 0.0 0.0 0.0
43.6 3.615792467919163 11.032915463139778 5.40839635555587 1.0 0.0 0.0 0.0
43.800000000000004 2.951292969194484 10.13174109996175 5.6087238620316455 1.0 0.0 0.0 0.0
44.0 3.0945972627753746 11.180645132208472 5.130775924109052 1.0 0.0 0.0 0.0
44.2 3.4108964678422424 10.64904760255793 5.29701937206802 1.0 0.0 0.0 0.0
44.400000000000006 2.9635910314132885 11.374139202615995 6.209877514226135 1.0 0.0 0.0 0.0
44.6 3.180222193329599 10.473697616101177 6.47488759550388 1.0 0.0 0.0 0.0
44.800000000000004 4.461762137949158 10.374885727463202 6.601878685163558 1.0 0.0 0.0 0.0
45.0 4.356167204824563 10.668655009974465 5.393562724186533 1.0 0.0 0.0 0.0
45.2 3.252087383951698 11.243416763690409 5.8872494793849235 1.0 0.0 0.0 0.0
45.400000000000006 4.04235213437101 10.072747969250491 6.492293200579338 1.0 0.0 0.0 0.0
45.6 3.909029736391817 11.078455135467259 6.254197765534365 1.0 0.0 0.0 0.0
45.800000000000004 3.267837882093415 10.68740245595048 5.618636046282644 1.0 0.0 0.0 0.0
46.0 3.861079143905728 10.554695320688479 5.461571541437124 1.0 0.0 0.0 0.0
46.2 3.927564969958486 11.217943710066487 6.4697908255946235 1.0 0.0 0.0 0.0
46.400000000000006 3.9465941844011945 10.851703307936578 6.324149933664703 1.0 0.0 0.0 0.0
46.6 3.5597776446640084 11.136708118658762 6.804626688707614 1.0 0.0 0.0 0.0
46.800000000000004 3.536734311994441 10.784960448731079 6.690131265112162 1.0 0.0 0.0 0.0
47.0 4.068148257038203 10.204300620452315 6.060856400088093 1.0 0.0 0.0 0.0
47.2 4.690686382967962 10.990652232644605 5.821607457765403 1.0 0.0 0.0 0.0
47.400000000000006 4.307689103692735 10.870628615987076 6.333361778246086 1.0 0.0 0.0 0.0
47.6 4.7112949941166224 10.775840817952297 5.646068321633479 1.0 0.0 0.0 0.0
47.800000000000004 4.369898988557686 10.212454682805777 5.958612619714571 1.0 0.0 0.0 0.0
48.0 4.129576932937441 10.190713130757842 5.701832652558576 1.0 0.0 0.0 0.0
48.2 4.288013034792885 10.772549753332516 5.220628317918098 1.0 0.0 0.0 0.0
48.400000000000006 4.018987232283467 10.66197410752907 5.183646854657702 1.0 0.0 0.0 0.0
48.6 4.085708487131971 10.866352974583616 6.408477740924057 1.0 0.0 0.0 0.0
48.800000000000004 4.87998683011538 9.73804170699471 5.814124911099257 1.0 0.0 0.0 0.0
49.0 4.276022459442095 10.171155978715959 5.99992106660168 1.0 0.0 0.0 0.0
49.2 4.076353241036785 10.040584125320418 6.240040897019968 1.0 0.0 0.0 0.0
49.400000000000006 4.926718766086354 10.787067355208762 5.25167919236367 1.0 0.0 0.0 0.0
49.6 4.99799488845836 10.438028647134832 6.059447822589056 1.0 0.0 0.0 0.0
49.800000000000004 5.091188843623826 10.557951156844336 5.1277528434382456 1.0 0.0 0.0 0.0
50.0 4.2006643360088605 10.739867488829443 6.203352393330479 1.0 0.0 0.0 0.0
50.2 4.351618993363365 10.254053703054314 6.201966610684762 1.0 0.0 0.0 0.0
50.400000000000006 4.614798601509128 9.697160964473271 5.89785197051714 1.0 0.0 0.0 0.0
50.6 5.2834854957741175 10.786715931681632 6.2185702628242705 1.0 0.0 0.0 0.0
50.800000000000004 3.9496338658101404 9.619845214712349 5.088415452089571 1.0 0.0 0.0 0.0
51.0 4.984729251620592 9.858510313685247 5.952001972626697 1.0 0.0 0.0 0.0
51.2 4.541240582472139 9.845352890692904 4.883565183127159 1.0 0.0 0.0 0.0
51.400000000000006 4.320984653703601 9.978099632001966 5.0062650825559984 1.0 0.0 0.0 0.0
51.6 3.822926971914863 10.458195645059575 5.602711335003261 1.0 0.0 0.0 0.0
51.800000000000004 4.105514840767957 10.512619609541831 4.898636381108409 1.0 0.0 0.0 0.0
52.0 4.460874944941176 9.612479953331164 4.668700432454045 1.0 0.0 0.0 0.0
52.2 4.0809830590647165 10.483969714629602 4.80656428956548 1.0 0.0 0.0 0.0
52.400000000000006 3.6499269378224923 9.724991066776532 5.504007338338654 1.0 0.0 0.0 0.0
52.6 3.588608256580662 9.555935684513127 5.250723551094717 1.0 0.0 0.0 0.0
52.800000000000004 3.794951664370085 9.696191093170013 5.328800602330736 1.0 0.0 0.0 0.0
53.0 3.261143208887659 9.533453281525809 4.282153062945018 1.0 0.0 0.0 0.0
53.2 3.4307926178460777 9.363451821366063 4.449307198128219 1.0 0.0 0.0 0.0
53.400000000000006 4.373023983750029 10.358265055089312 5.048443150001221 1.0 0.0 0.0 0.0
53.6 3.995996007668116 8.822673671628532 4.093694454573544 1.0 0.0 0.0 0.0
53.800000000000004 3.6483910049049064 8.873140216218873 5.355555087057359 1.0 0.0 0.0 0.0
54.0 3.45640528039091 9.673687886337436 5.126712483102218 1.0 0.0 0.0 0.0
54.2 2.9219140099610397 9.229003469253714 5.065190308916685 1.0 0.0 0.0 0.0
54.400000000000006 3.9018045570233517 8.888271865587617 4.26390472937445 1.0 0.0 0.0 0.0
54.6 3.1262937314716486 8.575528800275817 5.133464190176758 1.0 0.0 0.0 0.0
54.800000000000004 3.0353741732501156 8.494058243218667 4.806874765317865 1.0 0.0 0.0 0.0
55.0 2.337865695333884 9.445527467289432 5.177551893176835 1.0 0.0 0.0 0.0
55.2 3.1892280930818404 8.781572195370414 4.968482764910936 1.0 0.0 0.0 0.0
55.400000000000006 3.4889416999248 8.808328765869831 4.173135570222669 1.0 0.0 0.0 0.0
55.6 2.4897450021540593 9.131404718573968 4.020492961649712 1.0 0.0 0.0 0.0
55.800000000000004 2.6022217712656097 8.746292817573893 4.7108418264929925 1.0 0.0 0.0 0.0
56.0 2.602605732180101 9.450120659777445 5.102084383062054 1.0 0.0 0.0 0.0
56.2 3.1671867588859746 8.20521590881091 5.050238197158775 1.0 0.0 0.0 0.0
56.400000000000006 2.8570568547195476 8.666324193906865 4.569784692452618 1.0 0.0 0.0 0.0
56.6 2.6326777965728234 8.063018701124529 5.041693639264574 1.0 0.0 0.0 0.0
56.800000000000004 2.0397234884831814 8.869863591209041 3.954894279774759 1.0 0.0 0.0 0.0
57.0 2.914121058633354 9.236392347558326 4.647336195361301 1.0 0.0 0.0 0.0
57.2 2.7716123624516644 8.116424838250436 5.014932527765739 1.0 0.0 0.0 0.0
57.400000000000006 1.4570429539385112 8.037906486466861 4.648186828750247 1.0 0.0 0.0 0.0
57.6 1.4271715142403085 7.62885608823067 4.827069449776945 1.0 0.0 0.0 0.0
57.800000000000004 1.922046027322013 7.799507550608065 3.799618287036967 1.0 0.0 0.0 0.0
58.0 2.4134457472195088 8.70733884536343 5.052181616080954 1.0 0.0 0.0 0.0
58.2 2.3067966756966816 8.025596077362554 4.204169181737379 1.0 0.0 0.0 0.0
58.400000000000006 2.012188050482001 7.729157033074999 4.195530830161235 1.0 0.0 0.0 0.0
58.6 2.171421066294548 7.799716928947923 4.709344447836494 1.0 0.0 0.0 0.0
58.800000000000004 2.2054487974050523 8.751184420379257 5.182840242449409 1.0 0.0 0.0 0.0
59.0 2.312420412784315 8.476126858638887 4.265110300618659 1.0 0.0 0.0 0.0
59.2 0.9505224469930524 8.04914358905913 4.921497204822504 1.0 0.0 0.0 0.0
59.400000000000006 2.0976428883647795 7.2789507477138935 4.976796411340057 1.0 0.0 0.0 0.0
59.6 2.1488762834513455 7.798450420396043 4.465288775040243 1.0 0.0 0.0 0.0
59.800000000000004 1.6798948271472685 8.25676096740085 4.5004235833849 1.0 0.0 0.0 0.0
60.0 1.856107145700462 7.0966933649902275 3.800874242135663 1.0 0.0 0.0 0.0
60.2 1.4687382441220176 8.021360523680165 4.8913249068742335 1.0 0.0 0.0 0.0
60.400000000000006 1.8901265994856877 8.148759878414056 4.675418585462188 1.0 0.0 0.0 0.0
60.6 1.5962043590351125 7.719043429049635 4.894241594252582 1.0 0.0 0.0 0.0
60.800000000000004 1.2144586420990944 7.303720259828657 5.243054401216526 1.0 0.0 0.0 0.0
61.0 0.6746382556703697 8.117961894378146 3.8253185632432922 1.0 0.0 0.0 0.0
61.2 1.6815308430695146 6.793157739337482 4.121185599182752 1.0 0.0 0.0 0.0
61.400000000000006 0.4469895846966726 7.843047804510892 4.915877631905099 1.0 0.0 0.0 0.0
61.6 1.7042652961559925 6.695464308746649 4.3520774256891235 1.0 0.0 0.0 0.0
61.800000000000004 0.3678199388285661 6.926206710461349 5.231656286553783 1.0 0.0 0.0 0.0
62.0 0.45589110320894266 7.780864042321536 4.07104522341632 1.0 0.0 0.0 0.0
62.2 0.41686127865727474 6.590306650042545 5.036919561367096 1.0 0.0 0.0 0.0
62.400000000000006 1.0741100601087723 6.7033435840519955 4.837863867349954 1.0 0.0 0.0 0.0
62.6 0.38683245680143946 7.60179714165851 4.722796060228221 1.0 0.0 0.0 0.0
62.800000000000004 1.09450398352325 6.966017643145012 4.927481187295595 1.0 0.0 0.0 0.0
63.0 0.9296773862307316 7.699375262910906 4.977438577977566 1.0 0.0 0.0 0.0
63.2 0.6532577692816413 6.981656602857009 3.9279307373686203 1.0 0.0 0.0 0.0
63.400000000000006 1.050926978119407 6.7519553904820775 4.864581560011926 1.0 0.0 0.0 0.0
63.6 1.3722675757442957 7.536975302570641 4.6041138769014225 1.0 0.0 0.0 0.0
63.800000000000004 1.1150178931406887 6.4131806547546955 3.956499718044987 1.0 0.0 0.0 0.0
64.0 -0.01103641146994877 7.016665496748402 4.840525550493949 1.0 0.0 0.0 0.0
64.2 -0.1063175123754343 6.997378137003411 4.218159394084075 1.0 0.0 0.0 0.0
64.4 0.2745045132963304 6.4574509449521384 3.69866817064401 1.0 0.0 0.0 0.0
64.60000000000001 -0.1747780259771342 6.4201449261145624 3.7667318159907452 1.0 0.0 0.0 0.0
64.8 1.0489844090698435 6.417329509434869 4.54170422779909 1.0 0.0 0.0 0.0
65.0 1.1179370211212962 6.193642626474075 3.9537943843715473 1.0 0.0 0.0 0.0
65.2 1.039571843678419 6.586283767483794 4.587230488693756 1.0 0.0 0.0 0.0
65.4 1.1217674364152241 6.291326324045572 4.158849669464089 1.0 0.0 0.0 0.0
65.60000000000001 0.10796047156626071 5.955952597910144 3.4581166794587874 1.0 0.0 0.0 0.0
65.8 0.028412415198402707 5.531826781760644 3.990253901960026 1.0 0.0 0.0 0.0
66.0 0.9555104454847001 5.504894247533101 4.055860821951977 1.0 0.0 0.0 0.0
66.2 0.020973108976756027 5.543690097851806 4.6009700996840115 1.0 0.0 0.0 0.0
66.4 0.20509525837304254 6.587575698308886 3.4808940726711084 1.0 0.0 0.0 0.0
66.60000000000001 0.096520554267231 6.350184708960206 4.703982043849523 1.0 0.0 0.0 0.0
66.8 0.19302445659320078 5.202331902344789 4.232796992802496 1.0 0.0 0.0 0.0
67.0 -0.1777756342133897 5.491337289159196 3.9089265359993104 1.0 0.0 0.0 0.0
67.2 -0.08436397320704647 5.42626819870064 3.598170429748605 1.0 0.0 0.0 0.0
67.4 0.7092037450953974 4.859418061491799 4.06796569983384 1.0 0.0 0.0 0.0
67.60000000000001 0.637490720756131 4.9416888173298865 3.4871156861195107 1.0 0.0 0.0 0.0
67.8 0.5139449502176237 5.380458711051805 4.252962345968387 1.0 0.0 0.0 0.0
68.0 0.16122909575616295 4.85090445113218 2.998862876949114 1.0 0.0 0.0 0.0
68.2 1.1328874397399131 4.643734567929385 3.370167279898468 1.0 0.0 0.0 0.0
68.4 0.5105941134629595 5.634539123286027 3.9151119910351717 1.0 0.0 0.0 0.0
68.60000000000001 0.8371491472396675 5.716964117226224 2.9395993282910897 1.0 0.0 0.0 0.0
68.8 0.6083303394762866 5.681293643831654 3.9839587254648148 1.0 0.0 0.0 0.0
69.0 1.0354827566983964 5.7357567814627775 3.520371348142775 1.0 0.0 0.0 0.0
69.2 1.570138017281442 5.476338340778206 2.920909392653873 1.0 0.0 0.0 0.0
69.4 0.45368049094482576 5.625179905360204 3.5986502994532708 1.0 0.0 0.0 0.0
69.60000000000001 1.8558144187017076 4.993049804074272 4.09999524451143 1.0 0.0 0.0 0.0
69.8 1.2164489153623919 5.049794966917921 3.3195679836486733 1.0 0.0 0.0 0.0
70.0 0.7238701485788543 4.396096584282936 3.782531134923234 1.0 0.0 0.0 0.0
70.2 0.8200539053848197 5.240284456021335 3.681892008724713 1.0 0.0 0.0 0.0
70.4 2.053965861556094 5.459687518927515 3.37185297128195 1.0 0.0 0.0 0.0
70.60000000000001 1.6935613305294512 5.19789935625081 2.7683287749818364 1.0 0.0 0.0 0.0
70.8 1.6035665422407142 5.104433358566977 3.7230106918369668 1.0 0.0 0.0 0.0
71.0 0.8521107568596755 4.046631358527895 3.157230772855435 1.0 0.0 0.0 0.0
71.2 1.9761071399429917 4.818840092199782 3.4305758937816417 1.0 0.0 0.0 0.0
71.4 0.9849482880632159 4.646687451830552 3.726103136214742 1.0 0.0 0.0 0.0
71.60000000000001 2.454289874416654 3.7998903274251496 3.981250315079957 1.0 0.0 0.0 0.0
71.8 1.8241543672768996 4.47531935748878 3.9982831636871965 1.0 0.0 0.0 0.0
72.0 2.12125337989029 4.583442592788486 3.4167476747675245 1.0 0.0 0.0 0.0
72.2 1.9254737618350668 4.480016457296249 2.7126690314058184 1.0 0.0 0.0 0.0
72.4 1.9383098366014806 3.5023789178831 3.375144007564744 1.0 0.0 0.0 0.0
72.60000000000001 1.6614927744090515 3.7867615256384948 2.7921235545857863 1.0 0.0 0.0 0.0
72.8 2.3916942210150003 3.7890346008391744 4.089696653159569 1.0 0.0 0.0 0.0
73.0 2.117966650977689 3.805088181597595 3.84730819616851 1.0 0.0 0.0 0.0
73.2 2.899155707674005 4.0854877748494305 3.9147763995201457 1.0 0.0 0.0 0.0
73.4 1.9401737664105227 3.8444310106253115 3.7588290297748435 1.0 0.0 0.0 0.0
73.60000000000001 1.7851593418092535 3.013541919293344 3.8916904834773947 1.0 0.0 0.0 0.0
73.8 2.658288272922521 3.078809004627868 3.1632866529978365 1.0 0.0 0.0 0.0
74.0 3.1428002786250993 3.967542300613612 2.6393093600920396 1.0 0.0 0.0 0.0
74.2 2.3574581413175073 2.9463989863445095 3.276516720357713 1.0 0.0 0.0 0.0
74.4 3.3666444517605436 3.1663151102471137 3.1311597595352256 1.0 0.0 0.0 0.0
74.60000000000001 2.05566892933254 3.885167526276814 3.2127919199325197 1.0 0.0 0.0 0.0
74.8 2.1094909491867866 2.4810011124234417 3.41648467572388 1.0 0.0 0.0 0.0
75.0 2.218977499100623 3.6486116972809484 3.3067913512581657 1.0 0.0 0.0 0.0
75.2 2.7704020300023293 2.958730464937548 2.707614000942878 1.0 0.0 0.0 0.0
75.4 2.999679103176431 3.362921619025253 3.625838176958048 1.0 0.0 0.0 0.0
75.60000000000001 2.859130418575111 2.2789352121939803 3.3419756481228244 1.0 0.0 0.0 0.0
75.8 2.8470523596291337 2.8912578969404397 2.731657395004521 1.0 0.0 0.0 0.0
76.0 3.981070426354243 2.9237736588281167 3.5783666786742216 1.0 0.0 0.0 0.0
76.2 3.645951387864795 3.2816239507537275 3.6530722352064386 1.0 0.0 0.0 0.0
76.4 2.9734618854574473 1.9678143395827603 2.134288109390796 1.0 0.0 0.0 0.0
76.60000000000001 3.7206988287153155 1.910729170511285 2.8768726898774974 1.0 0.0 0.0 0.0
76.80000000000001 3.2175498434837286 3.195617582849104 3.4086018703154797 1.0 0.0 0.0 0.0
77.0 3.868796447461346 1.7599485553130048 3.120872941180436 1.0 0.0 0.0 0.0
77.2 4.020175638902771 1.9871925764013072 2.6709135208218373 1.0 0.0 0.0 0.0
77.4 3.52460377150301 2.925479040830199 2.8175400701567197 1.0 0.0 0.0 0.0
77.60000000000001 3.5786117000164284 2.1755625144924835 3.00779513518742 1.0 0.0 0.0 0.0
77.80000000000001 3.889355909883644 2.3656661409864554 3.2244431511286433 1.0 0.0 0.0 0.0
78.0 4.3572887699364236 2.0472493871338386 2.918772238493112 1.0 0.0 0.0 0.0
78.2 4.182624941920761 2.297045591487518 3.0976677072979797 1.0 0.0 0.0 0.0
78.4 3.586412069482956 1.8474124682303519 2.6348325429241823 1.0 0.0 0.0 0.0
78.60000000000001 4.693859795528797 1.634760334907444 2.406183041506483 1.0 0.0 0.0 0.0
78.80000000000001 3.783981871915889 2.0759825302653185 1.9300084423380492 1.0 0.0 0.0 0.0
79.0 3.9768674812670417 1.7068634041005395 1.8481968898145558 1.0 0.0 0.0 0.0
79.2 3.9991499688364143 2.479670031694038 2.137429735449398 1.0 0.0 0.0 0.0
79.4 4.840896292853128 2.040767567542174 2.0894707387936924 1.0 0.0 0.0 0.0
79.60000000000001 4.930588391551385 1.6643923884945722 2.871818511736726 1.0 0.0 0.0 0.0
79.80000000000001 4.212473133499389 2.0891843979571463 2.2710139776848397 1.0 0.0 0.0 0.0
80.0 4.495170249233656 2.459391354128244 2.8677364517716946 1.0 0.0 0.0 0.0
80.2 5.463702656599919 1.9723111547716816 1.8148272991487635 1.0 0.0 0.0 0.0
80.4 5.158378862974315 1.7475103706743493 2.05990071195 1.0 0.0 0.0 0.0
80.60000000000001 4.8247387908367445 2.264542558818052 1.795652395046535 1.0 0.0 0.0 0.0
80.80000000000001 4.956650740910916 2.4264880079138735 1.8257619313898803 1.0 0.0 0.0 0.0
81.0 5.630282107346534 2.2075515762112894 2.830769545869585 1.0 0.0 0.0 0.0
81.2 5.224802747569592 1.5463832542895557 2.9048998475616887 1.0 0.0 0.0 0.0
81.4 5.227237762164374 2.4760145339196256 1.6927153467856635 1.0 0.0 0.0 0.0
81.60000000000001 4.773416802622935 1.907477402061168 2.154627675942407 1.0 0.0 0.0 0.0
81.80000000000001 5.286072227461188 1.4468091023579774 2.4868745857257633 1.0 0.0 0.0 0.0
82.0 4.963423744729126 1.1418541642130249 2.8167705835064374 1.0 0.0 0.0 0.0
82.2 5.483815406676599 1.55538036347779 2.1290372844067846 1.0 0.0 0.0 0.0
82.4 5.465667475753469 1.1746643418043192 2.404435938745044 1.0 0.0 0.0 0.0
82.60000000000001 6.186559877096648 2.204654785819313 1.6118513185883638 1.0 0.0 0.0 0.0
82.80000000000001 5.0532364821586135 1.680736150067958 2.83155761227372 1.0 0.0 0.0 0.0
83.0 6.4876999142274965 1.7120601764526846 1.8095553224165974 1.0 0.0 0.0 0.0
83.2 5.805480363019866 0.8662718654442594 2.2607726328535267 1.0 0.0 0.0 0.0
83.4 5.299356705052376 1.7601249211258434 1.584174738256957 1.0 0.0 0.0 0.0
83.60000000000001 6.4631360420394035 1.562696077366229 2.5183978974960275 1.0 0.0 0.0 0.0
83.80000000000001 5.284723338288591 1.2414042836846708 1.7449967205507653 1.0 0.0 0.0 0.0
84.0 6.156885114265573 1.8664631566355798 2.540231417141732 1.0 0.0 0.0 0.0
84.2 6.416441675578474 2.1825103628562235 2.3572414993089934 1.0 0.0 0.0 0.0
84.4 5.702518493463299 1.1150844049282718 2.4033619652538643 1.0 0.0 0.0 0.0
84.60000000000001 6.282135510460715 1.9363317665499271 1.9242097007705603 1.0 0.0 0.0 0.0
84.80000000000001 6.316403994319668 1.7535576151484644 1.726302073114069 1.0 0.0 0.0 0.0
85.0 6.472829242753366 0.6642869004947021 2.2958317655799285 1.0 0.0 0.0 0.0
85.2 5.690825961731525 0.938634153442167 1.5262379284243743 1.0 0.0 0.0 0.0
85.4 6.335195111551058 1.5360450254338265 1.6674900167283793 1.0 0.0 0.0 0.0
85.60000000000001 5.51728001732797 1.623129613790239 3.0187251362359993 1.0 0.0 0.0 0.0
85.80000000000001 6.503889217623323 1.745044145914724 2.0149996430212567 1.0 0.0 0.0 0.0
86.0 6.491677155140248 0.6627918559189403 3.1155593165720017 1.0 0.0 0.0 0.0
86.2 6.418362081298361 1.5166872206502446 3.1593719647368745 1.0 0.0 0.0 0.0
86.4 6.668579399091564 0.4943558817946575 2.645807689594858 1.0 0.0 0.0 0.0
86.60000000000001 5.922813333146962 0.6641467284479335 2.7028999873440096 1.0 0.0 0.0 0.0
86.80000000000001 6.082701679927518 1.0788923397813974 2.8804321198192335 1.0 0.0 0.0 0.0
87.0 6.928624605076746 1.3472002667839127 2.6028558391570944 1.0 0.0 0.0 0.0
87.2 6.56726832781929 1.639118997732164 3.2301760217496716 1.0 0.0 0.0 0.0
87.4 6.838738885700079 1.082245713372311 2.46345069957959 1.0 0.0 0.0 0.0
87.60000000000001 6.582520040894677 1.2372754992277275 3.454512201432691 1.0 0.0 0.0 0.0
87.80000000000001 6.3856405585996505 1.091272663681094 3.5292760276527604 1.0 0.0 0.0 0.0
88.0 6.174003641854526 0.343017519105427 2.3511580856437035 1.0 0.0 0.0 0.0
88.2 5.648835367546954 0.926179799467753 2.2831368533844483 1.0 0.0 0.0 0.0
88.4 5.513361318373208 1.0872056996005202 2.7031591825539496 1.0 0.0 0.0 0.0
88.60000000000001 5.724949355643085 0.9606807202303675 2.862030828703637 1.0 0.0 0.0 0.0
88.80000000000001 6.408432858007234 1.8019611925075774 2.2567489699741006 1.0 0.0 0.0 0.0
89.0 5.66672797645621 1.307660017864221 2.357817525636811 1.0 0.0 0.0 0.0
89.2 5.817876888264948 1.4803637019989424 3.291823090922705 1.0 0.0 0.0 0.0
89.4 6.52867602809822 1.4604482617474444 3.556818958629311 1.0 0.0 0.0 0.0
89.60000000000001 6.6399505051630445 0.9632084716459182 3.734499647737291 1.0 0.0 0.0 0.0
89.80000000000001 6.5571207518085375 0.8615685265928268 3.5187480557577864 1.0 0.0 0.0 0.0
90.0 6.086267913206953 1.0451885589664438 2.4241760940694297 1.0 0.0 0.0 0.0
90.2 5.869138681905326 0.7610920655884864 2.858757809408541 1.0 0.0 0.0 0.0
90.4 5.631957783316923 1.5908089151862268 3.1528905182024998 1.0 0.0 0.0 0.0
90.60000000000001 6.176032203873563 1.6930826774436964 2.6261815981761067 1.0 0.0 0.0 0.0
90.80000000000001 5.82039974845747 1.6953342520003063 2.815160576898762 1.0 0.0 0.0 0.0
91.0 5.561481568180422 1.4529689241337285 2.4970446126806145 1.0 0.0 0.0 0.0
91.2 5.1960922209126075 1.4814196766606993 2.6055309336678145 1.0 0.0 0.0 0.0
91.4 5.204974680505989 0.8570205364725203 3.9837485480711985 1.0 0.0 0.0 0.0
91.60000000000001 5.583887512127758 1.446313270282945 3.6312189009573803 1.0 0.0 0.0 0.0
91.80000000000001 5.947850626209995 1.798565550791348 3.172409688843514 1.0 0.0 0.0 0.0
92.0 6.535137277175727 1.7295198276209787 3.445360417665632 1.0 0.0 0.0 0.0
92.2 5.466996862956164 0.8394178563994555 3.191959207960655 1.0 0.0 0.0 0.0
92.4 5.1718460574743474 2.01202539539842 2.7831052892304338 1.0 0.0 0.0 0.0
92.60000000000001 6.399617101514728 1.8332850022772142 2.7970331353073776 1.0 0.0 0.0 0.0
92.80000000000001 5.12882046306866 1.2855836482317038 2.7245463532733316 1.0 0.0 0.0 0.0
93.0 5.06609326437501 0.8153661158339023 2.6076109120509727 1.0 0.0 0.0 0.0
93.2 5.482891822115567 1.4897809153073298 2.764750227572269 1.0 0.0 0.0 0.0
93.4 5.458607765984668 1.1926667666073065 2.9067114122191526 1.0 0.0 0.0 0.0
93.60000000000001 6.079735180629956 1.9527743337930752 2.8539898532835375 1.0 0.0 0.0 0.0
93.80000000000001 5.061304855181476 1.617551373372458 2.566617434759284 1.0 0.0 0.0 0.0
94.0 5.262121097709484 2.226596962346727 3.1447153315912253 1.0 0.0 0.0 0.0
94.2 4.768998759028047 2.342374255454975 2.562712955621949 1.0 0.0 0.0 0.0
94.4 6.137159403732037 1.3673586304994685 3.2518751112251936 1.0 0.0 0.0 0.0
94.60000000000001 6.059577908179915 1.2223304590637074 2.8979611594430437 1.0 0.0 0.0 0.0
94.80000000000001 5.805382385574707 1.7762116268286596 2.720445712242899 1.0 0.0 0.0 0.0
95.0 4.652334471245997 1.4182599337879325 3.687599655227949 1.0 0.0 0.0 0.0
95.2 4.839023789056504 2.6402647909997063 3.6334398375932655 1.0 0.0 0.0 0.0
95.4 5.344274642825427 1.5392498120699156 2.937909313859019 1.0 0.0 0.0 0.0
95.60000000000001 4.626703774802209 1.2779325787017837 3.2645283652320365 1.0 0.0 0.0 0.0
95.80000000000001 5.136278841000707 1.9089877645004012 3.5236735591803403 1.0 0.0 0.0 0.0
96.0 4.483484314474514 1.8081128002916071 3.989796403436575 1.0 0.0 0.0 0.0
96.2 5.504191725567895 1.911268993540769 3.2745871997419336 1.0 0.0 0.0 0.0
96.4 4.841884188914814 1.8928380263988602 3.9154684540249383 1.0 0.0 0.0 0.0
96.60000000000001 5.54765157428116 1.8515476830496218 3.6880581022234953 1.0 0.0 0.0 0.0
96.80000000000001 4.393147954915345 2.6708726133251446 2.7306832532169003 1.0 0.0 0.0 0.0
97.0 5.238244317981737 3.162118971034853 3.839627040163416 1.0 0.0 0.0 0.0
97.2 5.132330497787317 2.5229364988840963 3.935650166996152 1.0 0.0 0.0 0.0
97.4 5.2907875283526815 2.9312693890910757 3.244444151862985 1.0 0.0 0.0 0.0
97.60000000000001 4.8394446933900905 3.0635626331394676 2.720377916673465 1.0 0.0 0.0 0.0
97.80000000000001 4.126866723214535 2.9149095776940532 3.6628089931083063 1.0 0.0 0.0 0.0
98.0 4.9140272232589455 2.2984786553395677 2.935469682526011 1.0 0.0 0.0 0.0
98.2 4.350555170725672 2.327283276252969 3.1851263674202817 1.0 0.0 0.0 0.0
98.4 4.119469587002848 2.872443439854301 3.2154495234127207 1.0 0.0 0.0 0.0
98.60000000000001 4.327646117348726 2.6677523627987023 3.5934180074806825 1.0 0.0 0.0 0.0
98.80000000000001 4.360411886237751 3.0067163904113055 2.539423663195928 1.0 0.0 0.0 0.0
99.0 4.949066508493086 2.400235687837992 3.571325743731054 1.0 0.0 0.0 0.0
99.2 3.6758742979742216 2.995890456030502 2.506885961692686 1.0 0.0 0.0 0.0
99.4 4.60636038689234 3.705710487881327 3.687386603080273 1.0 0.0 0.0 0.0
99.60000000000001 3.6409963954737217 3.8557425861046575 3.5116762857491572 1.0 0.0 0.0 0.0
99.80000000000001 4.80019789509032 3.270820628329248 2.5570254263306498 1.0 0.0 0.0 0.0
100.0 4.845362902078417 2.784015885486117 2.8283748841429515 1.0 0.0 0.0 0.0
100.2 3.986735054464213 2.8484937105906964 3.671361934601954 1.0 0.0 0.0 0.0
100.4 3.445240131025357 2.8753933438879806 2.7929826020000195 1.0 0.0 0.0 0.0
100.60000000000001 4.381964287387206 3.4795886872499087 3.0208166872092974 1.0 0.0 0.0 0.0
100.80000000000001 3.6399480659009598 4.232713469901679 2.36129356184109 1.0 0.0 0.0 0.0
101.0 3.8105960721906946 4.05263898708602 3.7026737449133282 1.0 0.0 0.0 0.0
101.2 4.206038475838848 3.3001168785283927 2.301463373110488 1.0 0.0 0.0 0.0
101.4 4.069044640401626 4.160889234178359 2.8048276357935062 1.0 0.0 0.0 0.0
101.60000000000001 3.1077385366871577 3.367017013974498 2.560146284276819 1.0 0.0 0.0 0.0
101.80000000000001 3.772970841802036 3.1155479535068618 3.544473625658844 1.0 0.0 0.0 0.0
102.0 3.7579249112384554 4.101357483740944 3.184286091338315 1.0 0.0 0.0 0.0
102.2 3.0407154755362695 3.662458265007217 3.3118737351073877 1.0 0.0 0.0 0.0
102.4 3.298903148255966 3.6701483878366536 3.3621256583262817 1.0 0.0 0.0 0.0
102.60000000000001 2.719022752850789 3.3964206803175805 2.7366283608919586 1.0 0.0 0.0 0.0
102.80000000000001 2.953333595075278 3.6731264069796516 2.785124674092819 1.0 0.0 0.0 0.0
103.0 3.1166129464117995 3.438606409534306 2.1763784471622163 1.0 0.0 0.0 0.0
103.2 2.9710014486665477 3.8750083609758983 2.8836298117832917 1.0 0.0 0.0 0.0
103.4 2.8798225393604753 3.3155858190840974 2.908779084808981 1.0 0.0 0.0 0.0
103.60000000000001 3.1547038699969776 3.371865339133364 2.9115881408143487 1.0 0.0 0.0 0.0
103.80000000000001 3.571452052696703 3.253017417229944 3.3445557672196413 1.0 0.0 0.0 0.0
104.0 3.3249903049878986 3.0645049096056876 3.2234768198643486 1.0 0.0 0.0 0.0
104.2 2.0882601138305423 3.7188042780655426 2.597423958796263 1.0 0.0 0.0 0.0
104.4 3.040156784614023 3.5046492781832725 2.28268679469471 1.0 0.0 0.0 0.0
104.60000000000001 2.2231108027888498 2.8990008050079603 2.463979956251331 1.0 0.0 0.0 0.0
104.80000000000001 3.182233315136867 3.368712524237832 2.155498050208365 1.0 0.0 0.0 0.0
105.0 3.0217848797944784 3.794746800446006 2.9256966606122052 1.0 0.0 0.0 0.0
105.2 2.1589257837534204 2.929016526091943 2.409799991744795 1.0 0.0 0.0 0.0
105.4 2.8154065308305483 3.3561915715411827 2.504809439245318 1.0 0.0 0.0 0.0
105.60000000000001 1.75410323942518 2.717248918412344 2.064095220664988 1.0 0.0 0.0 0.0
105.80000000000001 2.941637935903085 3.0777843706358294 2.125423272686644 1.0 0.0 0.0 0.0
106.0 2.5594478136911976 2.18456607132457 2.489481257377246 1.0 0.0 0.0 0.0
106.2 2.7880757727395373 2.200989859946119 3.15672896785673 1.0 0.0 0.0 0.0
106.4 2.534106473571181 2.2239702868257063 3.0202201513118814 1.0 0.0 0.0 0.0
106.60000000000001 2.242725432791849 1.68758028563243 2.400622457044646 1.0 0.0 0.0 0.0
106.80000000000001 1.687689360136566 2.4051259029925567 2.747988146822043 1.0 0.0 0.0 0.0
107.0 1.5829166188632708 2.062630660931144 2.8854866663234153 1.0 0.0 0.0 0.0
107.2 2.07804990880022 2.9054964668860017 1.8447848447695585 1.0 0.0 0.0 0.0
107.4 1.375143688070367 1.6520999883340248 2.7209145152830745 1.0 0.0 0.0 0.0
107.60000000000001 2.0020970303002046 2.868022911517515 1.9470691912930418 1.0 0.0 0.0 0.0
107.80000000000001 1.3137749255313182 1.4971673678241457 2.1645472005298716 1.0 0.0 0.0 0.0
108.0 1.609415487459287 1.3917933498786605 2.6415051954551023 1.0 0.0 0.0 0.0
108.2 1.6186036839608533 1.7490607727753664 2.7695756090283683 1.0 0.0 0.0 0.0
108.4 1.8294765960941763 1.4860546220413529 3.054405102985509 1.0 0.0 0.0 0.0
108.60000000000001 2.051889573473791 2.567291270285698 2.1084073172104767 1.0 0.0 0.0 0.0
108.80000000000001 2.3523621885833785 1.8107630333354052 2.2089509629708366 1.0 0.0 0.0 0.0
109.0 1.5591239270197508 1.9307150656692047 2.9392624674521803 1.0 0.0 0.0 0.0
109.2 2.1721836645097525 1.510947100394541 2.5431772746775403 1.0 0.0 0.0 0.0
109.4 1.7160726468721215 1.9250377469721023 2.4352412325286905 1.0 0.0 0.0 0.0
109.60000000000001 1.412212634407065 0.9155073087687016 3.488006088506981 1.0 0.0 0.0 0.0
109.80000000000001 2.484165847579541 1.2976941068456869 2.1348242484899114 1.0 0.0 0.0 0.0
110.0 1.527786175013332 1.8731739544503556 3.128730036073123 1.0 0.0 0.0 0.0
110.2 1.9311591960175958 1.473586067663557 2.364495825231399 1.0 0.0 0.0 0.0
110.4 1.2506220721465091 1.127665497660846 2.4969703446826323 1.0 0.0 0.0 0.0
110.60000000000001 2.047358076585504 0.5124135991687355 2.953289197605752 1.0 0.0 0.0 0.0
110.80000000000001 2.0133138690628014 1.433024028645583 3.5362244422318345 1.0 0.0 0.0 0.0
111.0 2.134292643116802 1.7598257782893405 2.4123794741541045 1.0 0.0 0.0 0.0
111.2 2.780979326539777 0.46762568684363676 3.0520925126743412 1.0 0.0 0.0 0.0
111.4 1.6554472473746258 1.3045651609277529 3.0164084608960864 1.0 0.0 0.0 0.0
111.60000000000001 1.53171089279278 0.5038388378207199 2.4630221100944123 1.0 0.0 0.0 0.0
111.80000000000001 2.523700669992306 1.1658168827333353 3.3833054547781636 1.0 0.0 0.0 0.0
112.0 2.818905320551903 0.5143752732886209 2.5754108041164088 1.0 0.0 0.0 0.0
112.2 1.9052064129419286 0.06992680065971202 2.9989368239790677 1.0 0.0 0.0 0.0
112.4 2.7002639062545497 1.3672889612260248 3.1959991308299447 1.0 0.0 0.0 0.0
112.60000000000001 1.9463653576658468 0.5939194194469988 2.609758214987863 1.0 0.0 0.0 0.0
112.80000000000001 1.7922967696722076 0.5215311318449105 3.7699666623379207 1.0 0.0 0.0 0.0
113.0 1.975042673261729 0.51901301562964 3.493437579339587 1.0 0.0 0.0 0.0
113.2 1.6289435369260443 0.09849672165894585 2.4457825688433927 1.0 0.0 0.0 0.0
113.4 1.807635094656917 0.08616460998930031 2.6480106883412593 1.0 0.0 0.0 0.0
113.60000000000001 2.3280921673253614 -0.08896271551543555 3.1278167421208605 1.0 0.0 0.0 0.0
113.80000000000001 2.5529291129102205 -0.5051411730568157 3.244403240926906 1.0 0.0 0.0 0.0
114.0 1.5845693621698154 -0.6627357108137082 2.8110866236186576 1.0 0.0 0.0 0.0
114.2 1.4880182661506356 -0.3765379833503859 2.605918192614738 1.0 0.0 0.0 0.0
114.4 2.8658366640563413 -0.06928845224110969 2.6765354161704242 1.0 0.0 0.0 0.0
114.60000000000001 2.6067508869631926 -0.3548374783998425 2.3991238186221513 1.0 0.0 0.0 0.0
114.80000000000001 2.5152199933255766 -1.104812362674704 3.404605904928049 1.0 0.0 0.0 0.0
115.0 2.876052223117468 -0.7635264964549188 3.52645401662593 1.0 0.0 0.0 0.0
115.2 1.7185302041099197 -0.16684585455240875 3.088332034468753 1.0 0.0 0.0 0.0
115.4 2.514137729380713 -0.4972878299381064 3.6966271058878606 1.0 0.0 0.0 0.0
115.60000000000001 2.7323266622385756 -1.007452575044395 2.4692488451695223 1.0 0.0 0.0 0.0
115.80000000000001 2.1377702294057004 -0.8751731427449679 3.7739360901063903 1.0 0.0 0.0 0.0
116.0 1.9683861836725298 -0.9103408793475605 2.4816482092046432 1.0 0.0 0.0 0.0
116.2 1.966667223021486 -0.5423954961930948 2.39438199359121 1.0 0.0 0.0 0.0
116.4 2.9338774501166847 -0.7605739412367774 3.859003598770755 1.0 0.0 0.0 0.0
116.60000000000001 2.972866539977285 -0.9510757140457591 3.7809325105109473 1.0 0.0 0.0 0.0
116.80000000000001 2.977252834535853 -0.32210308029954415 2.7362096959042996 1.0 0.0 0.0 0.0
117.0 2.560469547089181 -0.4678732644059207 2.5799966804333065 1.0 0.0 0.0 0.0
117.2 1.5643824500494765 -0.8409763384387507 2.610396129017531 1.0 0.0 0.0 0.0
117.4 2.3835901370094126 -1.3281953607188255 3.8118121236891813 1.0 0.0 0.0 0.0
117.60000000000001 1.6293479473744483 -1.7753114384184587 2.7235895811885573 1.0 0.0 0.0 0.0
117.80000000000001 2.5834380290713126 -1.2197801135401298 4.05813669877057 1.0 0.0 0.0 0.0
118.0 2.2417050049276463 -0.8461339585554497 2.864661087427321 1.0 0.0 0.0 0.0
118.2 1.8972414515979816 -0.6881299244944306 3.301586099408636 1.0 0.0 0.0 0.0
118.4 1.9419019321040996 -1.631116046483622 2.9234371166416517 1.0 0.0 0.0 0.0
118.60000000000001 2.406105669270599 -1.7913246535714455 4.0881250184816365 1.0 0.0 0.0 0.0
118.80000000000001 2.5488921970982057 -0.9956153586619154 2.928441818401476 1.0 0.0 0.0 0.0
119.0 2.28294272464994 -0.8403008437922992 4.017040713373359 1.0 0.0 0.0 0.0
119.2 1.954723941142644 -1.7371556326916364 3.032051100880835 1.0 0.0 0.0 0.0
119.4 2.149493320612353 -0.8991006303507492 3.7306943095086593 1.0 0.0 0.0 0.0
119.60000000000001 2.7334905434725862 -1.573689938903981 3.160230370425501 1.0 0.0 0.0 0.0
119.80000000000001 2.956659221665125 -2.1453874523826992 4.091755505048045 1.0 0.0 0.0 0.0
120.0 2.070964970415204 -1.9483739582278055 4.3659378624942 1.0 0.0 0.0 0.0
120.2 3.4314387693217445 -1.9713094374585873 4.073042866738772 1.0 0.0 0.0 0.0
120.4 2.2922315156076554 -2.0174832262141016 3.7578084802164975 1.0 0.0 0.0 0.0
120.60000000000001 2.979064431431026 -1.6224653297209906 4.281399067196879 1.0 0.0 0.0 0.0
120.80000000000001 3.279491916871709 -2.1302371751118026 4.258655690248056 1.0 0.0 0.0 0.0
121.0 3.0189892399961495 -2.0236113216226586 2.911492715687296 1.0 0.0 0.0 0.0
121.2 2.494108240671452 -2.0910650423271115 3.748930267811555 1.0 0.0 0.0 0.0
121.4 3.071854004138679 -1.2762074052823018 4.276856959985258 1.0 0.0 0.0 0.0
121.60000000000001 3.237065842912081 -1.688972377059838 3.477783431151857 1.0 0.0 0.0 0.0
121.80000000000001 3.437650646514398 -1.9089876970334014 3.3459295250645686 1.0 0.0 0.0 0.0
122.0 3.7397887367823093 -1.6724418864405983 4.2004190860432065 1.0 0.0 0.0 0.0
122.2 2.4088905027009826 -2.392580295383183 3.1582459451788276 1.0 0.0 0.0 0.0
122.4 3.567910669907282 -1.9453641054085355 4.007872536328099 1.0 0.0 0.0 0.0
122.60000000000001 3.1631690394518617 -2.292455311402244 3.241160857707848 1.0 0.0 0.0 0.0
122.80000000000001 2.6378030983339023 -1.4205444208523423 3.25318029818082 1.0 0.0 0.0 0.0
123.0 3.2140325030882 -1.4347480365289136 3.0341965766649714 1.0 0.0 0.0 0.0
123.2 3.2395087569664307 -2.023699203777795 3.4407664360515158 1.0 0.0 0.0 0.0
123.4 3.121834993775376 -1.8497156459865631 3.2266808795151958 1.0 0.0 0.0 0.0
123.60000000000001 3.6593741091999394 -1.8195686602799008 2.6271251837263945 1.0 0.0 0.0 0.0
123.80000000000001 3.7292845548496754 -1.694980551356942 3.828241752648414 1.0 0.0 0.0 0.0
124.0 3.183736217805915 -0.8747752351722973 3.8512315225433387 1.0 0.0 0.0 0.0
124.2 3.2021752375107972 -1.5996153285476387 3.1163121453596028 1.0 0.0 0.0 0.0
124.4 3.7405450382221117 -0.5965145210452865 3.3040663520746207 1.0 0.0 0.0 0.0
124.60000000000001 3.4089770306429603 -0.9113933550600719 3.9720529084630023 1.0 0.0 0.0 0.0
124.80000000000001 3.492445566342555 -0.6092926838347323 3.587024970002634 1.0 0.0 0.0 0.0
125.0 3.673652137009695 -0.4075629712338411 3.527486696375469 1.0 0.0 0.0 0.0
125.2 3.7171284876850255 -0.9664528904652351 3.4653363947268314 1.0 0.0 0.0 0.0
125.4 3.8129334307189824 -0.662984099225469 2.64246379723942 1.0 0.0 0.0 0.0
125.60000000000001 3.546071602456897 -1.3920679110623717 3.4773327208385227 1.0 0.0 0.0 0.0
125.80000000000001 3.3807029991265383 -1.323180013498649 3.8397224098395486 1.0 0.0 0.0 0.0
126.0 3.6146244128684204 -1.494811065764941 3.9579610926239934 1.0 0.0 0.0 0.0
126.2 2.5452913690339813 -1.4386953351727627 2.8965386381098996 1.0 0.0 0.0 0.0
126.4 3.0414477752663833 -1.0669523619623262 3.2083537606313905 1.0 0.0 0.0 0.0
126.60000000000001 3.1292839773367485 -0.5099767782836336 3.7667409152464524 1.0 0.0 0.0 0.0
126.80000000000001 2.8298203805779463 -0.9381284534751659 3.2701623264463855 1.0 0.0 0.0 0.0
127.0 2.8762943546341035 -0.4935638142061749 3.303474342110058 1.0 0.0 0.0 0.0
127.2 3.6205814536575134 -1.3936875754626996 2.806832001471744 1.0 0.0 0.0 0.0
127.4 3.0688771174708154 -1.4289640173350624 3.319514044930583 1.0 0.0 0.0 0.0
127.60000000000001 3.0388051696739713 -1.581041045059846 3.882445075534351 1.0 0.0 0.0 0.0
127.80000000000001 2.6139083224833373 -1.7055103686378013 4.077002794231284 1.0 0.0 0.0 0.0
128.0 3.258587477277003 -0.4885616547533267 3.5017012982941997 1.0 0.0 0.0 0.0
128.20000000000002 2.662572209712744 -1.0443757670340548 3.4998329965941606 1.0 0.0 0.0 0.0
128.4 3.483194686067719 -1.0692257014046018 3.4028871849121485 1.0 0.0 0.0 0.0
128.6 2.5214930004906044 -0.5956487383654134 3.482211723633262 1.0 0.0 0.0 0.0
128.8 3.3325480892774397 -1.9316519487607422 2.6506636607955376 1.0 0.0 0.0 0.0
129.0 3.631885463310042 -2.0816730149707396 3.8612233453005427 1.0 0.0 0.0 0.0
129.20000000000002 2.431139570976782 -1.6820483972391165 3.8078237144315317 1.0 0.0 0.0 0.0
129.4 2.4006866981603174 -1.6344598211973884 3.233170351572757 1.0 0.0 0.0 0.0
129.6 2.60762897452306 -1.5336256807496889 2.7085478176885176 1.0 0.0 0.0 0.0
129.8 2.743842052339782 -1.4340533637472765 2.7426756971805286 1.0 0.0 0.0 0.0
130.0 2.4987710763388433 -1.9072801283687986 3.1228968528550274 1.0 0.0 0.0 0.0
130.20000000000002 2.3154449606501295 -1.537598942634272 2.8456237742448356 1.0 0.0 0.0 0.0
130.4 3.498566175115254 -1.3962185033013834 3.8522629381043276 1.0 0.0 0.0 0.0
130.6 2.280182659499012 -1.655926998433371 3.2234859278491657 1.0 0.0 0.0 0.0
130.8 2.720568303603022 -0.6546267334000051 2.6901740261445113 1.0 0.0 0.0 0.0
131.0 2.207377449820733 -1.881053797061118 2.861311411099523 1.0 0.0 0.0 0.0
131.20000000000002 3.5159154282534395 -0.7051109976379286 3.704152634317822 1.0 0.0 0.0 0.0
131.4 3.1295013027579257 -1.6011204168355753 3.985480493092667 1.0 0.0 0.0 0.0
131.6 2.833654888891656 -0.6992708710371076 3.9500326469331624 1.0 0.0 0.0 0.0
131.8 2.431479863319819 -1.1560790027864847 2.668893231704524 1.0 0.0 0.0 0.0
132.0 2.5109804060091614 -1.2549987288243765 2.6884841926650154 1.0 0.0 0.0 0.0
132.20000000000002 2.777440957107159 -1.6753296114696188 3.380272850492501 1.0 0.0 0.0 0.0
132.4 2.829000639183325 -0.7626063735569587 3.0894662298597533 1.0 0.0 0.0 0.0
132.6 2.2143868799586772 -0.7405538619352212 3.4404133277643725 1.0 0.0 0.0 0.0
132.8 1.624304220535927 -1.1190935414810894 3.8351905910831205 1.0 0.0 0.0 0.0
133.0 1.6764095816012978 -0.525914492752189 2.995845727768405 1.0 0.0 0.0 0.0
