0.0 3.1894104323618975 4.971381029985046 6.123431359721167 1.0 0.0 0.0 0.0
0.2 5.49556472338535 6.056462792434487 6.1136801844565865 1.0 0.0 0.0 0.0
0.4 3.441479735773316 5.132341991405117 5.240796373221244 1.0 0.0 0.0 0.0
0.6000000000000001 4.447951893746341 6.543646391896225 5.238879363495207 1.0 0.0 0.0 0.0
0.8 5.2123877906168765 4.0766845862230205 3.996962271365646 1.0 0.0 0.0 0.0
1.0 5.449162066515466 5.9717526750052095 6.13724729809117 1.0 0.0 0.0 0.0
1.2000000000000002 4.80626292619433 3.9295304103033133 6.489891658346332 1.0 0.0 0.0 0.0
1.4000000000000001 3.4643080371768438 6.0046326106325 6.303801236854246 1.0 0.0 0.0 0.0
1.6 3.7688725480901137 4.24741360409324 5.216793678926135 1.0 0.0 0.0 0.0
1.8 4.721570066345871 5.412010420197278 6.340036991273804 1.0 0.0 0.0 0.0
2.0 4.222999988775506 4.415389795345159 4.473842134975211 1.0 0.0 0.0 0.0
2.2 4.298250347310505 6.022825003754807 5.899552957705037 1.0 0.0 0.0 0.0
2.4000000000000004 3.670674822313254 6.497616598043509 4.499339943544499 1.0 0.0 0.0 0.0
2.6 3.7926542106987355 4.926041182465583 4.517472097204248 1.0 0.0 0.0 0.0
2.8000000000000003 3.718917356308176 5.289291190515888 3.9154221367009843 1.0 0.0 0.0 0.0
3.0 5.618859135671887 4.110200984284034 4.545448363315396 1.0 0.0 0.0 0.0
3.2 3.191574430168126 6.71414183373486 4.579565181448806 1.0 0.0 0.0 0.0
3.4000000000000004 2.963168430557584 4.939066718315928 5.006570329759903 1.0 0.0 0.0 0.0
3.6 4.57062725616721 3.768805081718867 5.177849444496333 1.0 0.0 0.0 0.0
3.8000000000000003 4.903113818793399 3.8952223341079977 4.85830673461812 1.0 0.0 0.0 0.0
4.0 4.822594514525732 3.991968093899439 4.749078308431477 1.0 0.0 0.0 0.0
4.2 5.684132330545189 3.8744993598815056 4.449568213763143 1.0 0.0 0.0 0.0
4.4 3.1706960927837664 5.10751783707253 5.337201810663457 1.0 0.0 0.0 0.0
4.6000000000000005 3.965505774926745 6.552071645877111 6.273436579138074 1.0 0.0 0.0 0.0
4.800000000000001 3.4362899600164916 4.463338249950044 6.230153556479964 1.0 0.0 0.0 0.0
5.0 4.430339434133646 5.253024268667647 5.750213193770779 1.0 0.0 0.0 0.0
5.2 3.0789381755379868 4.96444988170796 6.071045993149781 1.0 0.0 0.0 0.0
5.4 3.335148145050779 5.26866425953205 5.579104888172665 1.0 0.0 0.0 0.0
5.6000000000000005 4.355913390921305 4.46790036731323 4.923763866793399 1.0 0.0 0.0 0.0
5.800000000000001 3.950495503865047 6.287209068087943 3.9735296543139653 1.0 0.0 0.0 0.0
6.0 6.166031211643549 4.021698055808271 4.374395800141979 1.0 0.0 0.0 0.0
6.2 4.765688860341887 6.0369783802777075 6.027179461573773 1.0 0.0 0.0 0.0
6.4 3.3665075312928696 6.946072270250615 5.963629043115994 1.0 0.0 0.0 0.0
6.6000000000000005 3.710980919838952 6.943455338816787 4.28719267787811 1.0 0.0 0.0 0.0
6.800000000000001 3.4921357544447167 6.391946885774992 6.006178222783232 1.0 0.0 0.0 0.0
7.0 3.627892752152823 5.974268462550775 5.598830279336109 1.0 0.0 0.0 0.0
7.2 4.473379366158652 7.180683871297011 5.368681458631493 1.0 0.0 0.0 0.0
7.4 5.762092210015922 6.102099885624265 5.857039510304864 1.0 0.0 0.0 0.0
7.6000000000000005 5.338916844111691 6.15448975589867 5.601544512150959 1.0 0.0 0.0 0.0
7.800000000000001 5.535086488900898 6.123167958063378 4.975434147827631 1.0 0.0 0.0 0.0
8.0 3.8194689237564527 6.334497707586241 4.84053661343491 1.0 0.0 0.0 0.0
8.200000000000001 5.819421757046804 6.553747013868366 5.275777775245386 1.0 0.0 0.0 0.0
8.4 6.711102229318383 5.2352449230271745 3.901696171729441 1.0 0.0 0.0 0.0
8.6 6.4912491665208485 5.944114537059867 4.780621871902218 1.0 0.0 0.0 0.0
8.8 5.883039953305791 7.428984649264693 4.273356003268298 1.0 0.0 0.0 0.0
9.0 6.174003223830207 5.841985084867487 4.833770404522006 1.0 0.0 0.0 0.0
9.200000000000001 5.492954989610585 5.111126379636882 5.134507569013568 1.0 0.0 0.0 0.0
9.4 6.44815586979516 6.225429391109592 6.714108806375602 1.0 0.0 0.0 0.0
9.600000000000001 5.140948565334024 8.019296363290204 4.540538556722806 1.0 0.0 0.0 0.0
9.8 4.825109803659269 5.589068404538698 6.077430228496954 1.0 0.0 0.0 0.0
10.0 5.397566971986903 6.60719396844722 4.451415176387615 1.0 0.0 0.0 0.0
10.200000000000001 6.23758090728566 7.621407938202017 5.929085226110621 1.0 0.0 0.0 0.0
10.4 6.549369890425439 5.7543782480953425 4.952137308496344 1.0 0.0 0.0 0.0
10.600000000000001 6.374881751111879 8.361843131250856 3.8523084395162877 1.0 0.0 0.0 0.0
10.8 4.931728038513714 7.182647176203208 6.544645256398779 1.0 0.0 0.0 0.0
11.0 6.1589632742333045 7.11796166073608 6.800677468014671 1.0 0.0 0.0 0.0
11.200000000000001 6.201903366616602 6.730961772783335 5.007075271530147 1.0 0.0 0.0 0.0
11.4 6.092090607526073 8.814582117983559 5.541833549202055 1.0 0.0 0.0 0.0
11.600000000000001 5.343772347874737 7.284109109417783 6.6615304970741755 1.0 0.0 0.0 0.0
11.8 6.475061088382335 6.237010871513442 6.886064396384422 1.0 0.0 0.0 0.0
12.0 5.098346680023769 6.226187299637781 6.30825335688268 1.0 0.0 0.0 0.0
12.200000000000001 6.2473366492195295 9.12158323653218 4.1385740921116865 1.0 0.0 0.0 0.0
12.4 5.003546872981272 7.541962335487872 6.225811175133906 1.0 0.0 0.0 0.0
12.600000000000001 6.396611478852817 8.178910596860558 5.782007875373704 1.0 0.0 0.0 0.0
12.8 5.7500313723987695 9.010848704283255 4.2705479895951015 1.0 0.0 0.0 0.0
13.0 5.028383095489365 7.86379445443761 5.148925841935486 1.0 0.0 0.0 0.0
13.200000000000001 4.974526564419384 7.054524588587976 5.7425952892357905 1.0 0.0 0.0 0.0
13.4 6.345434005289896 8.20412537480958 5.915308282563128 1.0 0.0 0.0 0.0
13.600000000000001 5.791646527831617 6.953336734286482 6.628902722360727 1.0 0.0 0.0 0.0
13.8 6.395770014233969 9.191608654884735 7.016145325438979 1.0 0.0 0.0 0.0
14.0 6.5105310039801 8.108751542825816 4.420887601119712 1.0 0.0 0.0 0.0
14.200000000000001 5.059590462976871 8.185321067254915 4.36768341362704 1.0 0.0 0.0 0.0
14.4 5.890682285429952 8.164481355627203 5.22142353103945 1.0 0.0 0.0 0.0
14.600000000000001 6.110196206108648 9.044533835337859 7.004004343731095 1.0 0.0 0.0 0.0
14.8 5.870281298694779 8.868184769412261 6.2666225540431295 1.0 0.0 0.0 0.0
15.0 6.487850911840454 6.773887793741919 5.9858130997601755 1.0 0.0 0.0 0.0
15.200000000000001 5.392737890104587 8.74070058748681 4.221137920771904 1.0 0.0 0.0 0.0
15.4 5.692999815633987 6.773188944093383 7.0375716727077275 1.0 0.0 0.0 0.0
15.600000000000001 5.636511177245385 6.786155187038345 6.104342506216577 1.0 0.0 0.0 0.0
15.8 5.1839284485216535 7.559399871611095 5.392240936346262 1.0 0.0 0.0 0.0
16.0 5.307028713825213 8.386538812021646 6.54315535152959 1.0 0.0 0.0 0.0
16.2 4.751959333408326 7.105181149002112 6.649759145648229 1.0 0.0 0.0 0.0
16.400000000000002 4.314690227877232 9.723771539999504 6.726505973162313 1.0 0.0 0.0 0.0
16.6 3.8809716899489533 8.315221341014235 5.358602396548671 1.0 0.0 0.0 0.0
16.8 6.499902592497632 9.38087480143407 5.86595334187024 1.0 0.0 0.0 0.0
17.0 6.369846533819286 7.293308952609495 6.8672650190486415 1.0 0.0 0.0 0.0
17.2 5.876735017668395 8.9949088727622 6.9979479546352295 1.0 0.0 0.0 0.0
17.400000000000002 5.877823550500439 9.648244559111108 6.545046228780347 1.0 0.0 0.0 0.0
17.6 4.619509141376438 7.659213326811946 5.864700398061255 1.0 0.0 0.0 0.0
17.8 5.121475029599706 8.804867794269606 7.145747410671621 1.0 0.0 0.0 0.0
18.0 5.721030431384196 9.29104737234838 5.8581732118512715 1.0 0.0 0.0 0.0
18.2 4.35904426888013 9.976924444195452 5.105519427911564 1.0 0.0 0.0 0.0
18.400000000000002 3.4667888196665295 9.191905268973846 6.170471392180553 1.0 0.0 0.0 0.0
18.6 4.52066440210624 9.735745987626348 5.1874065788701635 1.0 0.0 0.0 0.0
18.8 4.508361448133517 7.262848227134703 4.734817516142967 1.0 0.0 0.0 0.0
19.0 3.9222263508317092 10.121130216267247 6.872947798187287 1.0 0.0 0.0 0.0
19.200000000000003 3.3371649480860017 9.383378454192714 6.433059030432477 1.0 0.0 0.0 0.0
19.400000000000002 4.470337211083642 7.455255373407862 6.84232508341193 1.0 0.0 0.0 0.0
19.6 5.278002826352125 9.695349846422475 5.030403184435233 1.0 0.0 0.0 0.0
19.8 5.216482637984703 8.199095024896662 6.9442876616606135 1.0 0.0 0.0 0.0
20.0 3.356550323489754 10.297328301982681 7.065281309723776 1.0 0.0 0.0 0.0
20.200000000000003 4.024245675094864 7.670521419771169 4.653016625644102 1.0 0.0 0.0 0.0
20.400000000000002 4.002099491794334 7.59087009786625 7.10541128752859 1.0 0.0 0.0 0.0
20.6 3.0297263809802395 7.74612772041678 4.653515024238747 1.0 0.0 0.0 0.0
20.8 4.315684271184784 8.956856421011814 6.919819497535034 1.0 0.0 0.0 0.0
21.0 5.390581342974793 8.458413954643428 4.723127534209444 1.0 0.0 0.0 0.0
21.200000000000003 5.336399037392247 8.316097234089778 5.132594597024532 1.0 0.0 0.0 0.0
21.400000000000002 3.2398740459000237 9.799241276632578 6.061944896061464 1.0 0.0 0.0 0.0
21.6 4.8582080959429454 8.651492191793475 7.330192062438583 1.0 0.0 0.0 0.0
21.8 4.1847182820213495 8.309979670283303 6.927281499797403 1.0 0.0 0.0 0.0
22.0 4.370637818956457 9.253135228820897 4.586827831925925 1.0 0.0 0.0 0.0
22.200000000000003 5.262165181921048 9.574693160457118 5.792779319440722 1.0 0.0 0.0 0.0
22.400000000000002 3.999159189937406 8.978530495109963 6.5221442463097326 1.0 0.0 0.0 0.0
22.6 4.6181187423386625 9.87741038646801 4.464269293609896 1.0 0.0 0.0 0.0
22.8 5.309623476913726 10.243400648675152 4.892112460599425 1.0 0.0 0.0 0.0
23.0 4.192678383676266 9.175705216090787 5.237336321714205 1.0 0.0 0.0 0.0
23.200000000000003 4.239735895629938 9.227807328787422 6.974165851712714 1.0 0.0 0.0 0.0
23.400000000000002 4.4488190200342075 10.47179772651565 7.1773172441998 1.0 0.0 0.0 0.0
23.6 3.822287367873316 8.249069723642682 7.356476111717681 1.0 0.0 0.0 0.0
23.8 4.904663695120708 9.557498991613045 7.298953804525846 1.0 0.0 0.0 0.0
24.0 4.435990948499983 9.734416558944224 7.266001723045225 1.0 0.0 0.0 0.0
24.200000000000003 4.429809162616619 10.082050411432085 5.167581904615702 1.0 0.0 0.0 0.0
24.400000000000002 3.384001106055674 10.365263657343124 6.580164567240094 1.0 0.0 0.0 0.0
24.6 3.957436607560599 10.140205395165461 6.944741621320052 1.0 0.0 0.0 0.0
24.8 3.3839004359197893 11.166723267200936 4.9772423920218465 1.0 0.0 0.0 0.0
25.0 4.177563653866963 11.055259942897482 6.7641702137667075 1.0 0.0 0.0 0.0
25.200000000000003 4.909897545359125 8.67585528892416 4.605921611059014 1.0 0.0 0.0 0.0
25.400000000000002 2.572591111601144 8.985651227562931 5.518368775714847 1.0 0.0 0.0 0.0
25.6 4.544572861000907 10.6535456643144 6.6997476845315465 1.0 0.0 0.0 0.0
25.8 4.227299583637073 10.255940207676755 6.868074673903175 1.0 0.0 0.0 0.0
26.0 4.306542173428565 8.578951986789374 5.233231113826507 1.0 0.0 0.0 0.0
26.200000000000003 4.909980471738153 11.286237369102494 5.302164396278993 1.0 0.0 0.0 0.0
26.400000000000002 2.2631467741681575 10.580339792346297 5.6289364520381024 1.0 0.0 0.0 0.0
26.6 3.46180864912384 11.140544083973122 4.636007001425142 1.0 0.0 0.0 0.0
26.8 3.503481926868242 10.492500209267561 6.420453684172125 1.0 0.0 0.0 0.0
27.0 3.62780102023822 10.869159396636972 5.5376926313345525 1.0 0.0 0.0 0.0
27.200000000000003 3.5844201678686023 10.517829773389783 4.400672752129145 1.0 0.0 0.0 0.0
27.400000000000002 3.315164394086427 9.541414987227501 4.13076179289618 1.0 0.0 0.0 0.0
27.6 4.4845709135368015 9.981794627757843 6.181986140384446 1.0 0.0 0.0 0.0
27.8 3.793663191330757 9.560972821385015 5.708525951121112 1.0 0.0 0.0 0.0
28.0 2.7215938769415806 9.916796737972597 4.494258612499259 1.0 0.0 0.0 0.0
28.200000000000003 3.7266645720930627 9.740156162388898 4.455051085319745 1.0 0.0 0.0 0.0
28.400000000000002 2.2681274980066193 11.639590987638872 5.262371478361516 1.0 0.0 0.0 0.0
28.6 3.889420054532718 11.956521992357668 4.306404010294221 1.0 0.0 0.0 0.0
28.8 2.843284899116693 11.3698494994361 4.155864622648752 1.0 0.0 0.0 0.0
29.0 4.453908164901944 10.295235392337764 4.914099667448724 1.0 0.0 0.0 0.0
29.200000000000003 2.8492211409338655 9.552164014290394 4.368120780137074 1.0 0.0 0.0 0.0
29.400000000000002 4.424277806460157 9.991534053188872 6.6614907660598455 1.0 0.0 0.0 0.0
29.6 1.9724998139410992 10.787767820294537 5.512104757448098 1.0 0.0 0.0 0.0
29.8 2.0784824337367054 9.241973191913734 6.433029220812067 1.0 0.0 0.0 0.0
30.0 2.6890422480320955 9.19540685387778 5.283066050688881 1.0 0.0 0.0 0.0
30.200000000000003 1.81141353662971 10.45422309898563 6.374604827744553 1.0 0.0 0.0 0.0
30.400000000000002 3.232727118862472 9.666857837786315 4.384662456577079 1.0 0.0 0.0 0.0
30.6 4.3801984588883105 10.602369467459866 6.047837335025897 1.0 0.0 0.0 0.0
30.8 2.549810932221294 10.53787832788226 3.8448800618407066 1.0 0.0 0.0 0.0
31.0 2.444993504723829 10.076102704774314 6.341675444789372 1.0 0.0 0.0 0.0
31.200000000000003 2.637702777552647 9.32763233216704 3.6364600869210943 1.0 0.0 0.0 0.0
31.400000000000002 1.9368342847301476 12.189593958040362 4.333413149459252 1.0 0.0 0.0 0.0
31.6 4.182918572945382 11.878231032297414 4.193865163150142 1.0 0.0 0.0 0.0
31.8 3.265797800621712 10.223516733507559 5.2378197427639765 1.0 0.0 0.0 0.0
32.0 2.7498038051180687 11.020624899425151 5.172015100350411 1.0 0.0 0.0 0.0
32.2 2.6741160443923895 11.397537473835682 4.972242018903509 1.0 0.0 0.0 0.0
32.4 3.8433431079285274 11.18243673463611 5.047732720251405 1.0 0.0 0.0 0.0
32.6 3.365391274149428 12.443731367475964 3.9018392298544287 1.0 0.0 0.0 0.0
32.800000000000004 3.9599425182733548 9.550817470228345 3.965886383383846 1.0 0.0 0.0 0.0
33.0 1.9359595736793882 11.02638323721068 5.836212748878411 1.0 0.0 0.0 0.0
33.2 1.3922954843476172 12.476937296839221 4.542036050735965 1.0 0.0 0.0 0.0
33.4 3.066144187939829 10.837326110228933 6.158128711998897 1.0 0.0 0.0 0.0
33.6 3.471949573790274 10.314489752840842 3.5866678390416604 1.0 0.0 0.0 0.0
33.800000000000004 1.3656639376515742 11.330368466317534 4.625437687120272 1.0 0.0 0.0 0.0
34.0 1.72192506360425 9.68634875801322 4.081616709526488 1.0 0.0 0.0 0.0
34.2 1.9153901387047338 9.982038166233915 5.6333461528836 1.0 0.0 0.0 0.0
34.4 1.8920304974741358 10.507815837394997 5.242424359512473 1.0 0.0 0.0 0.0
34.6 3.211837483676297 10.25747206406741 6.171875218647927 1.0 0.0 0.0 0.0
34.800000000000004 3.3347867574210035 10.40106761712912 4.78343537796176 1.0 0.0 0.0 0.0
35.0 1.927590010819746 11.979248800381612 4.745886444465457 1.0 0.0 0.0 0.0
35.2 4.190891167965079 12.437494683900418 6.0584128462504 1.0 0.0 0.0 0.0
35.4 4.031232947607193 10.047194962795873 3.504182065177841 1.0 0.0 0.0 0.0
35.6 3.090342098914758 10.87163880519562 5.118108011998465 1.0 0.0 0.0 0.0
35.800000000000004 1.93788850061182 12.192941446864888 4.523152073561426 1.0 0.0 0.0 0.0
36.0 3.872368014823242 12.217421387656632 5.404583887408254 1.0 0.0 0.0 0.0
36.2 3.325883020114174 11.518826560747897 4.198491925749245 1.0 0.0 0.0 0.0
36.4 2.8304456494139263 11.140801857977653 3.879382578945621 1.0 0.0 0.0 0.0
36.6 4.279423902874275 12.706971467604996 3.6483213915407298 1.0 0.0 0.0 0.0
36.800000000000004 2.3078393016928747 12.747068914296456 5.07571915978926 1.0 0.0 0.0 0.0
37.0 3.8035147825484326 9.95352433309032 5.632197991819656 1.0 0.0 0.0 0.0
37.2 3.0190513245461674 11.278002455929157 5.761962976223737 1.0 0.0 0.0 0.0
37.4 4.770822682986427 12.058630143510012 5.100954450539922 1.0 0.0 0.0 0.0
37.6 2.156913958997357 11.822918272293993 4.4885484271134475 1.0 0.0 0.0 0.0
37.800000000000004 2.820847110358061 11.099935418197505 5.966719587027143 1.0 0.0 0.0 0.0
38.0 2.7700354647253143 10.245998220298715 6.181890928476507 1.0 0.0 0.0 0.0
38.2 3.860690359834325 10.838374942421725 3.4379267912761358 1.0 0.0 0.0 0.0
38.400000000000006 2.7571154247700287 10.195298819930628 4.778638268069212 1.0 0.0 0.0 0.0
38.6 2.0801216371440088 10.652419516890443 3.9491173617594626 1.0 0.0 0.0 0.0
38.800000000000004 2.0893348092188955 12.437734327057665 6.1809422770821545 1.0 0.0 0.0 0.0
39.0 3.5237604445829414 12.940515763277077 6.1798284227848175 1.0 0.0 0.0 0.0
39.2 4.748832838446624 10.264165927093607 4.627137450184634 1.0 0.0 0.0 0.0
39.400000000000006 4.678951031792856 11.490695211216824 5.22958594986237 1.0 0.0 0.0 0.0
39.6 4.4634199641066346 10.924989487798909 6.067777574258716 1.0 0.0 0.0 0.0
39.800000000000004 2.77959362562663 11.961905022216378 3.8343659404659167 1.0 0.0 0.0 0.0
40.0 3.453124720520462 12.685654625288457 4.904211706603441 1.0 0.0 0.0 0.0
40.2 4.446457103404736 12.13487359934949 5.498215463697802 1.0 0.0 0.0 0.0
40.400000000000006 3.0432115677288336 10.177848726716189 4.224810716975021 1.0 0.0 0.0 0.0
40.6 2.3769763563244437 11.25099588306626 5.1061691033002194 1.0 0.0 0.0 0.0
40.800000000000004 4.97706156887717 10.808059103049144 4.166932111772006 1.0 0.0 0.0 0.0
41.0 2.854226478195148 10.487700344610015 6.232998462430462 1.0 0.0 0.0 0.0
41.2 5.326553409579453 12.863208205862222 4.242520739676211 1.0 0.0 0.0 0.0
41.400000000000006 3.4786180387248886 10.280153321842072 4.330692402141885 1.0 0.0 0.0 0.0
41.6 4.884002974133514 11.446159250131515 6.413634903755151 1.0 0.0 0.0 0.0
41.800000000000004 3.688468262645555 10.189906113570219 5.7036483004031036 1.0 0.0 0.0 0.0
42.0 5.194918499842752 11.618101313420821 6.577743331438361 1.0 0.0 0.0 0.0
42.2 2.8476960601215415 10.160189724092595 4.8379671048163395 1.0 0.0 0.0 0.0
42.400000000000006 3.7504122831253923 11.547074099919252 5.061970748547043 1.0 0.0 0.0 0.0
42.6 3.6307998755689335 11.711071244196894 4.706534244023047 1.0 0.0 0.0 0.0
42.800000000000004 4.920880361862045 12.288626468788458 5.909603180382346 1.0 0.0 0.0 0.0
43.0 3.5502908308596277 11.370073204503699 5.477918699423863 1.0 0.0 0.0 0.0
43.2 3.231246014863675 12.81639685462618 5.5140042020872935 1.0 0.0 0.0 0.0
43.400000000000006 2.9456815170232513 12.446325229048036 7.266276776098716 1.0 0.0 0.0 0.0
43.6 5.2436317552447615 11.709706443876453 7.844477479403528 1.0 0.0 0.0 0.0
43.800000000000004 4.434323775903313 10.972640201864738 5.597827101953582 1.0 0.0 0.0 0.0
44.0 5.6218336952322945 12.28633210005346 5.58945814670436 1.0 0.0 0.0 0.0
44.2 3.980939150282028 12.380585559105644 5.665239752486983 1.0 0.0 0.0 0.0
44.400000000000006 3.856414916669458 12.26636658682732 5.999172863117923 1.0 0.0 0.0 0.0
44.6 5.439067555302954 12.131689451640371 5.900124442397046 1.0 0.0 0.0 0.0
44.800000000000004 3.4395051816028777 11.436428368419179 5.376825507558864 1.0 0.0 0.0 0.0
45.0 3.9854718550432073 10.690551144279501 7.986974836718467 1.0 0.0 0.0 0.0
45.2 4.117104878599003 9.964911690766762 7.639756183482882 1.0 0.0 0.0 0.0
45.400000000000006 4.092292620745975 10.299605329622217 6.594005463420984 1.0 0.0 0.0 0.0
45.6 4.182989088587577 11.374932922054937 6.703513493533613 1.0 0.0 0.0 0.0
45.800000000000004 3.2175278181772646 12.096264625292111 5.425443632659978 1.0 0.0 0.0 0.0
46.0 5.060337120379729 11.317638249980053 7.778522626616453 1.0 0.0 0.0 0.0
46.2 4.280494674256735 11.110168799697803 5.683442573850353 1.0 0.0 0.0 0.0
46.400000000000006 4.3690290759776484 12.920276007279144 7.517784385630298 1.0 0.0 0.0 0.0
46.6 4.922803564179414 10.025532909540397 5.684742113656374 1.0 0.0 0.0 0.0
46.800000000000004 3.5727449189502787 10.674076270496409 7.718527427930555 1.0 0.0 0.0 0.0
47.0 5.044664927079721 12.008140158478358 5.7589620658315015 1.0 0.0 0.0 0.0
47.2 5.752488362045136 12.044056242375552 7.556984410977831 1.0 0.0 0.0 0.0
47.400000000000006 3.8538902383593427 9.921347872135337 6.352724769313615 1.0 0.0 0.0 0.0
47.6 4.193631064523459 9.936970405399553 5.882075106310816 1.0 0.0 0.0 0.0
47.800000000000004 6.104417257679021 10.704012434303186 5.316470985033969 1.0 0.0 0.0 0.0
48.0 4.571502227836092 11.087545405258474 8.040843181190294 1.0 0.0 0.0 0.0
48.2 3.9018403464977056 12.356009045081883 6.391687103223971 1.0 0.0 0.0 0.0
48.400000000000006 6.047179372762264 10.371158234945547 7.190982621724938 1.0 0.0 0.0 0.0
48.6 4.86785256057331 11.618966869976756 6.366241102419527 1.0 0.0 0.0 0.0
48.800000000000004 3.878022131624844 11.745502680775331 5.476948865703074 1.0 0.0 0.0 0.0
49.0 4.658092152053153 11.882507833723817 6.160350657814388 1.0 0.0 0.0 0.0
49.2 5.0509372324973105 12.083816585617074 6.641349972863904 1.0 0.0 0.0 0.0
49.400000000000006 4.937109622986183 10.275882726262367 8.038148970435056 1.0 0.0 0.0 0.0
49.6 5.390029989469143 11.419222898904154 7.271813739917334 1.0 0.0 0.0 0.0
49.800000000000004 5.816729854310837 10.008217621900524 6.616085466468329 1.0 0.0 0.0 0.0
50.0 6.685768868759958 11.896880606721492 6.482330831633892 1.0 0.0 0.0 0.0
50.2 6.79202287941503 11.899775174698465 6.538812131444674 1.0 0.0 0.0 0.0
50.400000000000006 4.61720900148167 11.341691309733926 6.980535976129191 1.0 0.0 0.0 0.0
50.6 6.697116477454649 12.172673654743742 5.335846431334582 1.0 0.0 0.0 0.0
50.800000000000004 5.491306789009591 11.9228233749439 7.432404338591871 1.0 0.0 0.0 0.0
51.0 6.098604055363669 11.845883929839566 7.322979408174357 1.0 0.0 0.0 0.0
51.2 5.561160201497962 11.092703787081238 5.644287725019963 1.0 0.0 0.0 0.0
51.400000000000006 5.052188847091612 11.068529121509393 6.797752699051516 1.0 0.0 0.0 0.0
51.6 3.6161474817522423 10.14465626164603 4.77272299774229 1.0 0.0 0.0 0.0
51.800000000000004 5.360020329656596 9.522442663967258 6.337589448904812 1.0 0.0 0.0 0.0
52.0 6.281849618305225 11.943008743488164 6.49234824794634 1.0 0.0 0.0 0.0
52.2 6.1130202456466805 9.328930816129843 6.474388884982059 1.0 0.0 0.0 0.0
52.400000000000006 6.019350418873775 9.653114351911615 5.065772053751205 1.0 0.0 0.0 0.0
52.6 4.478376403514458 9.517329312552466 5.1723513897521975 1.0 0.0 0.0 0.0
52.800000000000004 3.8478581923642787 10.64857821616018 5.6254464902546815 1.0 0.0 0.0 0.0
53.0 4.558549570932065 10.602030817104941 6.462760802940734 1.0 0.0 0.0 0.0
53.2 5.690310044031122 9.149391439501233 6.628673253764869 1.0 0.0 0.0 0.0
53.400000000000006 5.091301106439787 11.31185045243505 4.9112982866879635 1.0 0.0 0.0 0.0
53.6 3.662588241767657 8.962597731676023 6.474859015188509 1.0 0.0 0.0 0.0
53.800000000000004 5.193342724284992 10.705026058172749 5.511525946911412 1.0 0.0 0.0 0.0
54.0 3.2106947644241224 8.769958541186895 5.320738686549337 1.0 0.0 0.0 0.0
54.2 3.204711442251071 9.35032759185108 5.087443446489346 1.0 0.0 0.0 0.0
54.400000000000006 4.6637783193779745 8.855559336651963 5.118114114213318 1.0 0.0 0.0 0.0
54.6 2.6601647784475135 9.228008093044243 5.61933659351095 1.0 0.0 0.0 0.0
54.800000000000004 3.3491370537997143 8.955940399696699 6.664776871021958 1.0 0.0 0.0 0.0
55.0 4.552887270108118 11.205189592443535 5.918690850836717 1.0 0.0 0.0 0.0
55.2 4.805118816727192 10.221853382477576 6.275757926074805 1.0 0.0 0.0 0.0
55.400000000000006 2.350756406294712 11.159148103804508 3.86213963640653 1.0 0.0 0.0 0.0
55.6 3.8370382018684452 9.11390996820139 5.664352658748195 1.0 0.0 0.0 0.0
55.800000000000004 2.762056177651702 8.63819576387281 5.234038157889339 1.0 0.0 0.0 0.0
56.0 2.305348646834937 10.515505376399744 4.3642786560122335 1.0 0.0 0.0 0.0
56.2 2.4206869164766074 8.683197507397274 4.182886516871694 1.0 0.0 0.0 0.0
56.400000000000006 3.8283223347736572 10.355604278835482 6.232963437191229 1.0 0.0 0.0 0.0
56.6 2.607685147721853 9.506424940150922 4.826557368716457 1.0 0.0 0.0 0.0
56.800000000000004 4.082253125127984 7.945942449335681 5.230032537141941 1.0 0.0 0.0 0.0
57.0 2.0023086609019813 9.100506521402982 4.301761558728753 1.0 0.0 0.0 0.0
57.2 4.020991500760996 10.457003921510273 6.635080531073276 1.0 0.0 0.0 0.0
57.400000000000006 4.013451700596516 9.59994055838839 5.632413550096011 1.0 0.0 0.0 0.0
57.6 1.9533933995149528 9.950200862601157 5.548573195643925 1.0 0.0 0.0 0.0
57.800000000000004 3.7037336710630964 8.095862801315315 5.361996641163352 1.0 0.0 0.0 0.0
58.0 2.526306554822699 9.325597525400152 5.516398751389439 1.0 0.0 0.0 0.0
58.2 2.738022074010494 8.785013327946826 4.9012217833402865 1.0 0.0 0.0 0.0
58.400000000000006 2.277030995206009 8.403767813292436 3.7463638868088003 1.0 0.0 0.0 0.0
58.6 3.8481458690394694 10.03206479382711 6.021695939165179 1.0 0.0 0.0 0.0
58.800000000000004 3.8051697510890947 10.262392652142061 3.7941299861243487 1.0 0.0 0.0 0.0
59.0 1.895602854721521 9.370288868638678 4.4668134816268 1.0 0.0 0.0 0.0
59.2 1.3061622848549566 8.550220615543182 6.538955685054392 1.0 0.0 0.0 0.0
59.400000000000006 2.419023458113927 8.082714697290372 4.038171610125305 1.0 0.0 0.0 0.0
59.6 3.430941484025411 9.398399319974406 5.459851087426757 1.0 0.0 0.0 0.0
59.800000000000004 2.252542727669412 8.238262659573834 5.256039874105191 1.0 0.0 0.0 0.0
60.0 2.3747572512223774 8.524794818614854 4.602192492797421 1.0 0.0 0.0 0.0
60.2 0.7093447388352621 9.281093435433155 4.304180208117008 1.0 0.0 0.0 0.0
60.400000000000006 1.3921704226936011 9.832169343713469 6.16542298646236 1.0 0.0 0.0 0.0
60.6 2.8596226668391678 8.270423917317936 3.765632468677234 1.0 0.0 0.0 0.0
60.800000000000004 2.3551019759496166 8.385917761917954 5.017483296876497 1.0 0.0 0.0 0.0
61.0 1.777971321715593 9.525298851993027 6.705119638579044 1.0 0.0 0.0 0.0
61.2 0.7711891097581537 9.196449284632106 4.216331337159529 1.0 0.0 0.0 0.0
61.400000000000006 3.1351378829404597 9.5763306057432 6.220382070639534 1.0 0.0 0.0 0.0
61.6 0.975818312581565 9.32916596366815 5.33754062999574 1.0 0.0 0.0 0.0
61.800000000000004 1.006825426641718 9.241337706494756 5.34164916871008 1.0 0.0 0.0 0.0
62.0 3.307632931354413 7.509599340243744 4.978807403645218 1.0 0.0 0.0 0.0
62.2 1.6440684152932366 8.059759557554893 6.008736564048115 1.0 0.0 0.0 0.0
62.400000000000006 2.2986473461795427 8.132378728188819 3.9464175300056707 1.0 0.0 0.0 0.0
62.6 1.32308666211064 6.875477031742543 4.582570608973619 1.0 0.0 0.0 0.0
62.800000000000004 1.2686808970309373 6.629101705022675 6.5879333361321155 1.0 0.0 0.0 0.0
63.0 1.6494420048721667 6.6961510768937496 5.775044927068343 1.0 0.0 0.0 0.0
63.2 0.3674047221430431 7.178039372194884 6.442229816543485 1.0 0.0 0.0 0.0
63.400000000000006 2.3136205670786656 8.298129102752812 4.19227383610583 1.0 0.0 0.0 0.0
63.6 0.3620664602130079 7.343985988183989 4.432240646164364 1.0 0.0 0.0 0.0
63.800000000000004 1.181738100947824 7.389357970772284 3.888703538186 1.0 0.0 0.0 0.0
64.0 2.122278217819722 5.9771453759838735 4.996582984546928 1.0 0.0 0.0 0.0
64.2 2.6318134077974857 7.096225124123238 4.984835815476061 1.0 0.0 0.0 0.0
64.4 1.0982344360879592 8.55356885989345 4.614066117072528 1.0 0.0 0.0 0.0
64.60000000000001 2.5263160035837235 6.418808885643147 4.343291339028348 1.0 0.0 0.0 0.0
64.8 1.1084034764071249 7.853420502748135 4.445118641299891 1.0 0.0 0.0 0.0
65.0 -0.10153803733914424 7.855188107323796 5.818454566104944 1.0 0.0 0.0 0.0
65.2 -0.13261254555326296 6.2635914897884994 5.1051007109795155 1.0 0.0 0.0 0.0
65.4 -0.20488421714438632 7.934003203747151 4.444403500568162 1.0 0.0 0.0 0.0
65.60000000000001 0.8407686540470187 6.071206217358711 5.389555029187307 1.0 0.0 0.0 0.0
65.8 0.9612390200722531 5.323017105219238 4.7459427225146165 1.0 0.0 0.0 0.0
66.0 1.8985936808022021 6.671329918484391 5.294185225702444 1.0 0.0 0.0 0.0
66.2 1.0881741849637847 7.115672372947338 4.943731612116828 1.0 0.0 0.0 0.0
66.4 1.2304619424972059 6.364404574529413 5.02444189757478 1.0 0.0 0.0 0.0
66.60000000000001 0.7833819533557702 6.220919507461575 3.717892982139874 1.0 0.0 0.0 0.0
66.8 0.6596275265804071 5.843186496088137 4.531394392179217 1.0 0.0 0.0 0.0
67.0 2.693827633343764 6.272051771796038 4.251973775065997 1.0 0.0 0.0 0.0
67.2 2.4602131296729084 7.379992432483268 3.398632500108879 1.0 0.0 0.0 0.0
67.4 0.2763365132230272 5.7081795450767805 4.118938571926454 1.0 0.0 0.0 0.0
67.60000000000001 0.7999844561260038 6.505358008521249 3.0454376661051095 1.0 0.0 0.0 0.0
67.8 0.25772006885819165 6.526416998242773 2.942597551641978 1.0 0.0 0.0 0.0
68.0 2.9358004600795993 7.36289438368423 5.053829260991972 1.0 0.0 0.0 0.0
68.2 0.8674566049512046 4.783763658587543 5.458830910188599 1.0 0.0 0.0 0.0
68.4 1.9586415540482571 6.589366186234267 4.359645971715887 1.0 0.0 0.0 0.0
68.60000000000001 1.3693388477625974 4.847202446578757 4.279729056346785 1.0 0.0 0.0 0.0
68.8 1.6849087046612727 6.754961051446017 4.935314833383185 1.0 0.0 0.0 0.0
69.0 2.6261028514318028 6.231260324950106 3.1582708657090772 1.0 0.0 0.0 0.0
69.2 1.1409819881344014 6.634741656771922 4.214777887136048 1.0 0.0 0.0 0.0
69.4 0.8611926654733738 7.070178605411601 5.531259492773946 1.0 0.0 0.0 0.0
69.60000000000001 0.49341750509854965 5.4388442330191555 5.021990722688749 1.0 0.0 0.0 0.0
69.8 2.987559025990455 4.768118448826775 5.544731007513204 1.0 0.0 0.0 0.0
70.0 2.5434802490444532 5.344507204309783 4.447722485662217 1.0 0.0 0.0 0.0
70.2 3.0418318699501707 6.876909257984209 3.3453567799122093 1.0 0.0 0.0 0.0
70.4 1.0824130014481554 6.889418144747918 4.3539167877052085 1.0 0.0 0.0 0.0
70.60000000000001 0.9228070714092287 6.756134542000865 3.7419518775321405 1.0 0.0 0.0 0.0
70.8 1.9711650667719083 4.503907466639027 4.594035615702738 1.0 0.0 0.0 0.0
71.0 1.23967053020644 4.604090623812182 3.8744003643779985 1.0 0.0 0.0 0.0
71.2 3.6667379684659718 5.599555343582713 4.495771133300723 1.0 0.0 0.0 0.0
71.4 2.947292908488569 6.4241198038331735 5.719213037390196 1.0 0.0 0.0 0.0
71.60000000000001 1.473343154168671 4.38415805924515 4.461400482115009 1.0 0.0 0.0 0.0
71.8 2.3954621105734173 4.593177142659326 5.472123869798008 1.0 0.0 0.0 0.0
72.0 2.867714861083096 4.143402835822406 4.639493488747819 1.0 0.0 0.0 0.0
72.2 2.7116038807476475 4.375330408464777 5.298913399538469 1.0 0.0 0.0 0.0
72.4 2.4885746883082827 3.126899220815089 5.4565405432338006 1.0 0.0 0.0 0.0
72.60000000000001 4.113710726523322 5.9011123746945335 2.9485075243129097 1.0 0.0 0.0 0.0
72.8 2.4335477065926177 4.880508231331372 2.782575549899968 1.0 0.0 0.0 0.0
73.0 2.137262893146245 5.611979747824483 4.28397073427352 1.0 0.0 0.0 0.0
73.2 2.5829900842210036 3.17393866138939 4.607666695489986 1.0 0.0 0.0 0.0
73.4 3.095591860175632 2.8533241602531842 2.8400371123617782 1.0 0.0 0.0 0.0
73.60000000000001 3.4072921718838143 4.672731339939967 4.715275303361274 1.0 0.0 0.0 0.0
73.8 4.518587990175513 2.9394819577284546 2.8421741777719283 1.0 0.0 0.0 0.0
74.0 3.1345420022506145 3.7802295714517644 4.848639713886131 1.0 0.0 0.0 0.0
74.2 2.233969676741508 5.556430986056535 3.8819786292753093 1.0 0.0 0.0 0.0
74.4 3.7016715253697674 2.9964075718891072 4.14193350701378 1.0 0.0 0.0 0.0
74.60000000000001 4.7676824617573175 3.758899486141563 5.258521146524015 1.0 0.0 0.0 0.0
74.8 3.8874773838584806 4.0283369928967385 4.250936433842513 1.0 0.0 0.0 0.0
75.0 3.611336056587795 4.922633466389842 3.4052112292511705 1.0 0.0 0.0 0.0
75.2 2.7670109513156786 3.5821847850565645 3.1106863791816357 1.0 0.0 0.0 0.0
75.4 3.3835423693701334 2.68335314965388 3.4822732733170962 1.0 0.0 0.0 0.0
75.60000000000001 4.680803425360569 2.7706871848077337 4.462084266356179 1.0 0.0 0.0 0.0
75.8 2.9152975851009026 4.472218117612891 3.5910090298222146 1.0 0.0 0.0 0.0
76.0 4.168241664347088 4.046413734029148 4.169416371662661 1.0 0.0 0.0 0.0
76.2 4.032306048219681 4.860629161978003 2.7149705018188537 1.0 0.0 0.0 0.0
76.4 5.667797015586655 4.3909984272596185 2.465896756029693 1.0 0.0 0.0 0.0
76.60000000000001 3.59551631806369 3.863002981973685 4.987082113951404 1.0 0.0 0.0 0.0
76.80000000000001 4.731064569524488 4.367167398810091 2.2379323332206336 1.0 0.0 0.0 0.0
77.0 5.521837502835012 2.619118955701862 3.894372712786592 1.0 0.0 0.0 0.0
77.2 4.836564764842955 2.8580217278912623 2.6618122025871775 1.0 0.0 0.0 0.0
77.4 3.1918197247551356 2.6620935815448075 3.962174024382271 1.0 0.0 0.0 0.0
77.60000000000001 4.381876730927782 1.8279993062332283 3.0207898480125785 1.0 0.0 0.0 0.0
77.80000000000001 5.993442149099101 3.7360215749027126 3.5528526370068834 1.0 0.0 0.0 0.0
78.0 5.097028481293087 4.305571478671444 3.6822008929537593 1.0 0.0 0.0 0.0
78.2 5.205456960104896 4.078160960419803 2.6177051978159134 1.0 0.0 0.0 0.0
78.4 3.8214050722057142 4.339361312433674 2.993340751898221 1.0 0.0 0.0 0.0
78.60000000000001 5.324565285181158 3.4297390861237833 4.409868272146922 1.0 0.0 0.0 0.0
78.80000000000001 4.381925795534423 1.9611169486107833 2.0109682312741803 1.0 0.0 0.0 0.0
79.0 6.520412259847698 3.567123972226661 2.785912733559597 1.0 0.0 0.0 0.0
79.2 6.536092924007953 1.3699499413813219 3.0895457854189803 1.0 0.0 0.0 0.0
79.4 4.125210295138883 3.90306196517293 4.438769285955994 1.0 0.0 0.0 0.0
79.60000000000001 5.643775955640942 4.091509029102263 3.4865075367182694 1.0 0.0 0.0 0.0
79.80000000000001 6.395958035104314 3.29668657176894 3.054014665330075 1.0 0.0 0.0 0.0
80.0 4.633519365649545 2.9684591908844116 2.2833168567951443 1.0 0.0 0.0 0.0
80.2 6.774367221682411 1.1925612686390443 1.9865451146836595 1.0 0.0 0.0 0.0
80.4 5.513673984943985 1.6254128066998632 3.6725882879016662 1.0 0.0 0.0 0.0
80.60000000000001 6.1119964628938614 3.5210760794937643 3.136019717036545 1.0 0.0 0.0 0.0
80.80000000000001 4.866546601628457 3.5399879401722667 3.4820566885395974 1.0 0.0 0.0 0.0
81.0 6.758270674226615 1.5174568624054028 2.8803350854196097 1.0 0.0 0.0 0.0
81.2 7.346293767933125 2.4146251867558375 1.698662460536434 1.0 0.0 0.0 0.0
81.4 7.367964664138744 3.9357801991362242 4.1966729278618065 1.0 0.0 0.0 0.0
81.60000000000001 5.17666677506982 2.3433796279627974 1.5002849965026421 1.0 0.0 0.0 0.0
81.80000000000001 7.3711939271994655 2.5219407929501143 3.557016164554052 1.0 0.0 0.0 0.0
82.0 6.715549505290134 2.5789933047890385 1.4812026504396376 1.0 0.0 0.0 0.0
82.2 5.120849467192718 2.3369663061604293 4.324265852201163 1.0 0.0 0.0 0.0
82.4 7.6314068852958306 2.677517579274274 1.9175897774866835 1.0 0.0 0.0 0.0
82.60000000000001 6.113854829853509 1.2272142742932077 2.520982453056613 1.0 0.0 0.0 0.0
82.80000000000001 6.6289176787021535 0.9354278825365829 4.108326371713806 1.0 0.0 0.0 0.0
83.0 7.426199377000993 2.5951501500443084 3.639587176349149 1.0 0.0 0.0 0.0
83.2 5.811628422917913 3.6011285972365066 3.324729902821258 1.0 0.0 0.0 0.0
83.4 5.9848158527648705 2.067833288625505 3.6134013284191173 1.0 0.0 0.0 0.0
83.60000000000001 5.374162622697488 2.6435400094971193 2.2561042774412785 1.0 0.0 0.0 0.0
83.80000000000001 7.36051206796806 1.342849327263917 1.4849779123909137 1.0 0.0 0.0 0.0
84.0 7.765970464435178 2.095507491507736 2.0956560665428228 1.0 0.0 0.0 0.0
84.2 7.6321035650727485 3.489881379944162 3.0271767823181714 1.0 0.0 0.0 0.0
84.4 7.117457164170133 2.266095962801879 2.994686350481212 1.0 0.0 0.0 0.0
84.60000000000001 5.921994853097628 2.6679516927775473 3.294034672636432 1.0 0.0 0.0 0.0
84.80000000000001 5.907597388513144 1.9409769826565937 4.143187449684994 1.0 0.0 0.0 0.0
85.0 7.1780540703312035 2.745796230167423 1.5042359945494304 1.0 0.0 0.0 0.0
85.2 7.368567178847611 1.8510430330008636 2.417139153455791 1.0 0.0 0.0 0.0
85.4 6.118260299114776 0.9061566197329488 2.029281193527521 1.0 0.0 0.0 0.0
85.60000000000001 5.6399789082606935 1.809374725795758 3.477922546040922 1.0 0.0 0.0 0.0
85.80000000000001 8.34189255270912 1.3298764287189746 3.9085828017753736 1.0 0.0 0.0 0.0
86.0 7.2391918751580135 0.6056570676183671 2.239570531694029 1.0 0.0 0.0 0.0
86.2 5.672512965635568 0.5948119716726283 4.507088458168109 1.0 0.0 0.0 0.0
86.4 8.174623853358952 1.3252377710982546 4.28768613903925 1.0 0.0 0.0 0.0
86.60000000000001 8.022399598866066 2.469109558249432 3.223856073130567 1.0 0.0 0.0 0.0
86.80000000000001 7.7935135000417475 2.594612905282315 3.313855415194831 1.0 0.0 0.0 0.0
87.0 7.086990973704303 0.8879349495415664 3.3919607896632282 1.0 0.0 0.0 0.0
87.2 7.2719916393804205 0.6476486478193143 2.4597778318727412 1.0 0.0 0.0 0.0
87.4 5.940399201788382 0.7169305972926979 2.790086988010896 1.0 0.0 0.0 0.0
87.60000000000001 6.353884228934127 2.3418699523695303 3.6192188117785813 1.0 0.0 0.0 0.0
87.80000000000001 6.841791832227782 0.6474424623367672 3.027870386819434 1.0 0.0 0.0 0.0
88.0 7.73316007555694 0.6861803513723642 4.745047568822513 1.0 0.0 0.0 0.0
88.2 7.1362494112561565 0.6925447254555396 3.515594141393866 1.0 0.0 0.0 0.0
88.4 7.8691167221738665 2.085957938880478 3.288840150616952 1.0 0.0 0.0 0.0
88.60000000000001 5.477434731092107 0.9727497159332251 2.509576356925204 1.0 0.0 0.0 0.0
88.80000000000001 6.905817236968268 2.312701261343499 3.004020508614029 1.0 0.0 0.0 0.0
89.0 8.139022578077563 2.0398184131915937 5.28646494564593 1.0 0.0 0.0 0.0
89.2 7.4453619634207815 2.9545555923776914 3.259588522622802 1.0 0.0 0.0 0.0
89.4 6.216718355491372 2.0426881371984313 3.244903380906254 1.0 0.0 0.0 0.0
89.60000000000001 8.181984338767098 1.4119763377215506 4.646880751298633 1.0 0.0 0.0 0.0
89.80000000000001 7.884820517907027 3.00696636200634 3.2786805212091865 1.0 0.0 0.0 0.0
90.0 7.285148808772917 2.7023602724239706 4.641423724133656 1.0 0.0 0.0 0.0
90.2 7.764516897042327 0.9431381402948695 4.903167555693851 1.0 0.0 0.0 0.0
90.4 6.914167925293615 1.8454787353917628 4.103179895428739 1.0 0.0 0.0 0.0
90.60000000000001 5.302198425248945 2.274428045999901 2.462649321735078 1.0 0.0 0.0 0.0
90.80000000000001 5.628034994877888 1.8316154802725424 4.105206056122668 1.0 0.0 0.0 0.0
91.0 6.718967957730675 0.9168804736410603 4.294230155959987 1.0 0.0 0.0 0.0
91.2 6.750395200772871 1.3718289805856627 3.274195848598402 1.0 0.0 0.0 0.0
91.4 7.074554573217428 1.7426104028546971 3.2889710301024513 1.0 0.0 0.0 0.0
91.60000000000001 5.305332643479006 3.5703925158746825 3.872989676085436 1.0 0.0 0.0 0.0
91.80000000000001 6.139942932342359 3.5450694365479456 3.3197439572883787 1.0 0.0 0.0 0.0
92.0 6.455727075979702 2.4633346589848317 3.8877880075237607 1.0 0.0 0.0 0.0
92.2 6.798654625209667 3.111462390489889 3.859973386967769 1.0 0.0 0.0 0.0
92.4 5.173557543664086 2.6700377755487588 3.0323901419486283 1.0 0.0 0.0 0.0
92.60000000000001 6.875253581459386 1.5681283434416995 2.899814009624494 1.0 0.0 0.0 0.0
92.80000000000001 4.9765330799674885 1.2383073226744994 5.00303934687256 1.0 0.0 0.0 0.0
93.0 7.401808755864591 3.1337180731622656 3.9355218131388927 1.0 0.0 0.0 0.0
93.2 7.047571519935179 3.124065290164151 3.871739875620624 1.0 0.0 0.0 0.0
93.4 6.296124745516958 2.17266749732885 4.085196012094658 1.0 0.0 0.0 0.0
93.60000000000001 6.7192021788529335 1.6741463148008036 3.909412234416349 1.0 0.0 0.0 0.0
93.80000000000001 7.201474615540553 2.9169399612842195 4.654076306554217 1.0 0.0 0.0 0.0
94.0 4.772369831017363 2.284026169642562 3.092590263853621 1.0 0.0 0.0 0.0
94.2 5.204214344282404 2.6016328887485685 3.053337740034225 1.0 0.0 0.0 0.0
94.4 4.921207381644972 1.6208697417851292 5.22579958938028 1.0 0.0 0.0 0.0
94.60000000000001 5.318963507220341 1.3093385526559318 4.003003302034256 1.0 0.0 0.0 0.0
94.80000000000001 5.51593233214464 3.369209333673895 5.046285874355036 1.0 0.0 0.0 0.0
95.0 5.354979732467121 2.964555626211931 2.954940419926297 1.0 0.0 0.0 0.0
95.2 5.337725403681095 1.8153745388720477 4.600317889041046 1.0 0.0 0.0 0.0
95.4 5.369340399733523 3.908576753159571 5.0682908821649955 1.0 0.0 0.0 0.0
95.60000000000001 6.919390909088234 4.114573768942639 2.505986858549314 1.0 0.0 0.0 0.0
95.80000000000001 6.22592672195003 2.0584607774465122 3.6749454184961015 1.0 0.0 0.0 0.0
96.0 5.126875755332485 3.154481542886946 3.5833830309828727 1.0 0.0 0.0 0.0
96.2 5.894380301227148 4.056548926349885 3.7952444657397306 1.0 0.0 0.0 0.0
96.4 4.642460469149826 3.287183316409931 2.738694889344371 1.0 0.0 0.0 0.0
96.60000000000001 5.394787953857609 2.0222483543399785 3.5841085450775014 1.0 0.0 0.0 0.0
96.80000000000001 4.996525311582906 4.032506701312247 3.837656411394282 1.0 0.0 0.0 0.0
97.0 6.082037649001311 4.25589079754933 2.8986510758335537 1.0 0.0 0.0 0.0
97.2 4.3194560951113 3.5681166874862793 2.76171991426856 1.0 0.0 0.0 0.0
97.4 4.228710790867045 4.39497673468169 5.1875370003757135 1.0 0.0 0.0 0.0
97.60000000000001 6.744116038809848 3.5552580598482733 4.8123213880577715 1.0 0.0 0.0 0.0
97.80000000000001 4.658682228002089 2.653930137800394 2.6405825865436245 1.0 0.0 0.0 0.0
98.0 6.991143654665823 4.675511281600549 4.6991363715631005 1.0 0.0 0.0 0.0
98.2 6.23797962259216 3.6121347825064465 4.694235268568743 1.0 0.0 0.0 0.0
98.4 4.739091823630578 3.16401841306289 4.6514208000780535 1.0 0.0 0.0 0.0
98.60000000000001 3.864077068717651 3.7821898230564495 4.119522402743619 1.0 0.0 0.0 0.0
98.80000000000001 6.578661756719837 5.013491160268186 3.7353976985551895 1.0 0.0 0.0 0.0
99.0 5.794054182360599 3.566621160495798 4.956995577323596 1.0 0.0 0.0 0.0
99.2 3.629336541686741 4.5190041038728515 4.255614288503681 1.0 0.0 0.0 0.0
99.4 4.427651160694618 4.171103541495604 3.7971751596513412 1.0 0.0 0.0 0.0
99.60000000000001 5.505443075505655 4.875951635161831 5.055750632486533 1.0 0.0 0.0 0.0
99.80000000000001 5.33738042931874 3.9458343991049136 4.18567277614238 1.0 0.0 0.0 0.0
100.0 4.577686014365067 3.926062503354148 2.992908126816285 1.0 0.0 0.0 0.0
100.2 5.201368886466681 5.190412580516973 4.588581286726214 1.0 0.0 0.0 0.0
100.4 3.29361183908736 4.1303316989205 5.265460418080721 1.0 0.0 0.0 0.0
100.60000000000001 4.192587219456996 3.8644633626589933 2.9926131909158737 1.0 0.0 0.0 0.0
100.80000000000001 5.936923036126302 4.99628815332561 2.4158026299087134 1.0 0.0 0.0 0.0
101.0 5.206578890666932 4.870503061781111 4.248101129991939 1.0 0.0 0.0 0.0
101.2 5.775510418499776 3.3412733001892487 3.403711643371075 1.0 0.0 0.0 0.0
101.4 5.728731499006788 4.061621718783078 4.380875854831575 1.0 0.0 0.0 0.0
101.60000000000001 4.453796272362388 3.248098788412701 3.2927932524556778 1.0 0.0 0.0 0.0
101.80000000000001 3.684689354430112 5.647712553233355 4.029378094419492 1.0 0.0 0.0 0.0
102.0 5.320566290090659 5.22200997200955 3.1537309858194558 1.0 0.0 0.0 0.0
102.2 3.475799359488581 4.498944959968738 3.596363803968854 1.0 0.0 0.0 0.0
102.4 2.948129542291267 3.415564611995259 2.626939081306382 1.0 0.0 0.0 0.0
102.60000000000001 4.546212878698043 3.443263340026893 4.609256397922554 1.0 0.0 0.0 0.0
102.80000000000001 2.7980615532778836 3.879654219615767 4.265605976441749 1.0 0.0 0.0 0.0
103.0 2.6931874178126844 4.631406214558548 4.11330709337153 1.0 0.0 0.0 0.0
103.2 3.4545660983967785 5.234560628020868 3.3568679576738454 1.0 0.0 0.0 0.0
103.4 4.188876768322489 5.533615645620909 3.5480767570669896 1.0 0.0 0.0 0.0
103.60000000000001 4.014633304747702 5.904716847939142 4.558337913902449 1.0 0.0 0.0 0.0
103.80000000000001 4.8021990293304535 4.309946778339759 2.207329960662462 1.0 0.0 0.0 0.0
104.0 2.2893999998823893 5.705441932713784 3.762568056832161 1.0 0.0 0.0 0.0
104.2 3.5206809797631013 3.055633580459067 4.567131992677437 1.0 0.0 0.0 0.0
104.4 3.159343546377838 2.7129343082562496 2.3011731296032276 1.0 0.0 0.0 0.0
104.60000000000001 1.9935421856420774 5.456427603563433 2.807917906200526 1.0 0.0 0.0 0.0
104.80000000000001 2.76080287425942 3.1811128784451705 3.224033768204417 1.0 0.0 0.0 0.0
105.0 2.520776644093509 4.57745831762019 3.375331473030921 1.0 0.0 0.0 0.0
105.2 3.5014137972051476 4.1149828011168275 3.606951855565857 1.0 0.0 0.0 0.0
105.4 3.411969136874571 3.2977211667695796 3.416985490254966 1.0 0.0 0.0 0.0
105.60000000000001 3.209415465283448 3.409400870888647 3.585175338807925 1.0 0.0 0.0 0.0
105.80000000000001 1.7248587700493045 2.0490689020554735 3.985984950882694 1.0 0.0 0.0 0.0
106.0 2.2999242632959165 4.033285550132223 4.155987722988892 1.0 0.0 0.0 0.0
106.2 3.256609093193558 3.173510289772722 4.553995210785926 1.0 0.0 0.0 0.0
106.4 2.299247756369179 3.8610937051783085 2.611938455082085 1.0 0.0 0.0 0.0
106.60000000000001 2.52070045460784 1.7323227612939087 1.8285960505246932 1.0 0.0 0.0 0.0
106.80000000000001 4.248421043720664 4.351879980157068 2.040696239716992 1.0 0.0 0.0 0.0
107.0 1.807088739818228 4.073657568102463 3.331762402051953 1.0 0.0 0.0 0.0
107.2 2.0306288025802597 2.979429118787011 4.5838433098909075 1.0 0.0 0.0 0.0
107.4 1.5466493954477782 3.4012438746213784 3.30890192233085 1.0 0.0 0.0 0.0
107.60000000000001 3.7826262749983237 1.9735015467686527 2.694713190315648 1.0 0.0 0.0 0.0
107.80000000000001 1.3863544819941138 3.579943182835018 3.395213286849447 1.0 0.0 0.0 0.0
108.0 2.8246921906193565 3.7920596926886834 1.940907810201595 1.0 0.0 0.0 0.0
108.2 3.339445150882679 1.324708032625705 3.1465792339638154 1.0 0.0 0.0 0.0
108.4 1.70822254012368 2.348757668102161 4.499779789194685 1.0 0.0 0.0 0.0
108.60000000000001 3.3928771335993453 2.8504736014715424 4.756649827297618 1.0 0.0 0.0 0.0
108.80000000000001 3.0216419518011763 1.604453103982256 3.2208376263475484 1.0 0.0 0.0 0.0
109.0 3.181117407884599 2.144319219399142 4.4875167830740486 1.0 0.0 0.0 0.0
109.2 3.432456182480114 1.0989972470461788 2.6588565705423464 1.0 0.0 0.0 0.0
109.4 1.8459341348928335 0.9294888279015107 4.97471317974404 1.0 0.0 0.0 0.0
109.60000000000001 3.6184836186935465 1.2293058819797622 2.605723615812418 1.0 0.0 0.0 0.0
109.80000000000001 3.2512379893047383 2.847718377823731 2.5999520979799717 1.0 0.0 0.0 0.0
110.0 2.705726558905288 3.682585479825388 4.188285659038731 1.0 0.0 0.0 0.0
110.2 4.211504076546358 2.7128056259942523 2.463028735059381 1.0 0.0 0.0 0.0
110.4 1.6227392643570542 1.201672562272099 2.4797844776422053 1.0 0.0 0.0 0.0
110.60000000000001 1.868430981669637 2.8879541714568706 2.213597224064476 1.0 0.0 0.0 0.0
110.80000000000001 3.296732526189521 1.4316509318186843 4.553647387107804 1.0 0.0 0.0 0.0
111.0 3.3686806307849158 0.5086800820938578 2.384294804916545 1.0 0.0 0.0 0.0
111.2 3.78850568290678 0.4972576823232887 4.191086766320729 1.0 0.0 0.0 0.0
111.4 1.8634621074483855 0.6214813425516037 2.9555582616708986 1.0 0.0 0.0 0.0
111.60000000000001 4.041842498155911 1.890847438920136 3.544036704122702 1.0 0.0 0.0 0.0
111.80000000000001 3.474785724839769 0.2288211757277081 2.985793638253856 1.0 0.0 0.0 0.0
112.0 3.129816465442638 1.0627145977976111 4.070415819907533 1.0 0.0 0.0 0.0
112.2 1.6088158947292392 0.9864644665568689 4.8643524034937 1.0 0.0 0.0 0.0
112.4 2.149107450627608 0.9055630028600854 2.936123332634843 1.0 0.0 0.0 0.0
112.60000000000001 2.779444192310295 2.6643352973379617 2.586820517264294 1.0 0.0 0.0 0.0
112.80000000000001 2.667080595762805 0.8590176354201937 3.0353026880437524 1.0 0.0 0.0 0.0
113.0 3.531706928580294 0.706345246872992 4.489788133693729 1.0 0.0 0.0 0.0
113.2 1.7875448973021064 0.4507558186202554 3.52731149648609 1.0 0.0 0.0 0.0
113.4 1.872796843157822 0.5536522443472749 3.1620775363220055 1.0 0.0 0.0 0.0
113.60000000000001 1.4490091099549005 0.6494553686353151 4.762636976812572 1.0 0.0 0.0 0.0
113.80000000000001 1.85917410380496 1.8177517904993001 2.6887227628709853 1.0 0.0 0.0 0.0
114.0 2.092326551802813 1.8465476125918951 4.104932008395356 1.0 0.0 0.0 0.0
114.2 3.1132223934438388 -0.22347969158288594 2.5885344231118066 1.0 0.0 0.0 0.0
114.4 3.5646362239680465 0.5144851432451802 5.247308975147953 1.0 0.0 0.0 0.0
114.60000000000001 2.1699414177667182 1.8162558454109914 3.078753485086141 1.0 0.0 0.0 0.0
114.80000000000001 1.836166530594376 0.7940711503344562 4.443064271889416 1.0 0.0 0.0 0.0
115.0 1.6895232627065209 0.7081108422854243 3.080886685158066 1.0 0.0 0.0 0.0
115.2 1.7227819036287961 0.870175408428949 2.59175704126182 1.0 0.0 0.0 0.0
115.4 2.6670125630683637 -0.5085842287366541 5.207414420878143 1.0 0.0 0.0 0.0
115.60000000000001 2.266035897889921 1.0368842263344136 2.816445101487333 1.0 0.0 0.0 0.0
115.80000000000001 3.864051230114331 -1.156126746003764 4.4074421444087895 1.0 0.0 0.0 0.0
116.0 2.3413855674239334 0.02167787168576618 4.888769508396334 1.0 0.0 0.0 0.0
116.2 1.8035932893690674 0.37896907377642464 4.60866600360985 1.0 0.0 0.0 0.0
116.4 3.5467457710931507 -0.19233334089885457 3.4486022230603575 1.0 0.0 0.0 0.0
116.60000000000001 1.8286155772676311 -1.1055799444631158 4.4923353942519455 1.0 0.0 0.0 0.0
116.80000000000001 2.328365369695905 -1.708605520394072 4.735318856007304 1.0 0.0 0.0 0.0
117.0 1.648605442315751 0.8057091789784132 2.5905047063013873 1.0 0.0 0.0 0.0
117.2 1.6313932852371043 -1.8308205044552972 3.275935946220548 1.0 0.0 0.0 0.0
117.4 3.8632561584913847 -0.677080382378509 5.029694542606096 1.0 0.0 0.0 0.0
117.60000000000001 1.7691029007614705 -0.25118060040822643 5.20309174547705 1.0 0.0 0.0 0.0
117.80000000000001 1.6265087825005162 -1.4908154714594875 5.5127344110858125 1.0 0.0 0.0 0.0
118.0 2.268073328363154 0.009135165002779111 3.6291829627382093 1.0 0.0 0.0 0.0
118.2 2.354523385956448 -1.1577334988280712 4.336016248039206 1.0 0.0 0.0 0.0
118.4 3.190723036475906 0.02113487874202402 3.044223006878405 1.0 0.0 0.0 0.0
118.60000000000001 2.661425125479372 -2.200526286402826 5.43758863792164 1.0 0.0 0.0 0.0
118.80000000000001 4.15236062723752 -0.84669192421054 4.848060235729406 1.0 0.0 0.0 0.0
119.0 4.304884178921245 0.37673102676961534 2.9766113277535586 1.0 0.0 0.0 0.0
119.2 1.9110458328710092 -2.052104292910593 4.619398290346807 1.0 0.0 0.0 0.0
119.4 2.1732811338745304 -1.8733813036437754 4.392663170830655 1.0 0.0 0.0 0.0
119.60000000000001 3.3552090556581713 0.012691343413383294 4.539970755799109 1.0 0.0 0.0 0.0
119.80000000000001 3.6857783212672333 0.07888724356817667 3.7497049195835395 1.0 0.0 0.0 0.0
120.0 4.119352901661303 -2.3949470883174673 4.570149379744727 1.0 0.0 0.0 0.0
120.2 2.431832777725293 -0.9069388874909787 4.519819553444713 1.0 0.0 0.0 0.0
120.4 4.423135102148086 -1.8074296174638156 5.189914115209941 1.0 0.0 0.0 0.0
120.60000000000001 2.327303596383967 -0.9355937510224017 3.669269439199561 1.0 0.0 0.0 0.0
120.80000000000001 2.8371228598726423 -0.8152063115723871 3.404835234287589 1.0 0.0 0.0 0.0
121.0 5.181964461366659 -0.4203720163599325 3.266642588102747 1.0 0.0 0.0 0.0
121.2 3.1622714483736063 -1.2398894285520945 5.161994864430002 1.0 0.0 0.0 0.0
121.4 2.8808793618463393 -0.22949986491691732 5.233657222291 1.0 0.0 0.0 0.0
121.60000000000001 4.066309372039067 -1.1652634206464465 3.553485670485921 1.0 0.0 0.0 0.0
121.80000000000001 2.836000580213641 -0.23716270831020658 3.401356247049211 1.0 0.0 0.0 0.0
122.0 4.707829261452423 -0.8336411952476528 3.3151777127806206 1.0 0.0 0.0 0.0
122.2 4.45295898762093 -0.7099293310844126 5.1054463282605695 1.0 0.0 0.0 0.0
122.4 3.313240623958978 -0.7757135975530618 3.7064333908258993 1.0 0.0 0.0 0.0
122.60000000000001 3.974195883416536 -2.552691355686096 4.4619012294723115 1.0 0.0 0.0 0.0
122.80000000000001 2.8184496156924634 0.24890227403634446 3.3069618866437613 1.0 0.0 0.0 0.0
123.0 4.513713893074514 0.18396230234881727 5.034393154185981 1.0 0.0 0.0 0.0
123.2 4.468776022851231 -0.23157824204871602 3.9299582896783765 1.0 0.0 0.0 0.0
123.4 4.997790156708424 -1.1766725992037164 4.398197304412525 1.0 0.0 0.0 0.0
123.60000000000001 4.578178590247458 0.03705994948120228 5.323905505953178 1.0 0.0 0.0 0.0
123.80000000000001 5.151634973260894 0.22565863441866485 3.8547950969842346 1.0 0.0 0.0 0.0
124.0 4.219738845830149 -0.6879920107871398 3.1793866432548232 1.0 0.0 0.0 0.0
124.2 4.633187995014841 -1.679635286030617 2.7337162282110032 1.0 0.0 0.0 0.0
124.4 4.845425792058806 -0.615860350440864 5.417450766780575 1.0 0.0 0.0 0.0
124.60000000000001 3.015127561954204 -0.5456191213002399 3.5443599266472625 1.0 0.0 0.0 0.0
124.80000000000001 3.032778279481228 -0.9812675697280002 2.6564534396190562 1.0 0.0 0.0 0.0
125.0 4.5350561022507145 -0.8950382386540612 3.714531694931597 1.0 0.0 0.0 0.0
125.2 4.575186765512606 0.3297783711124467 4.4572772693644405 1.0 0.0 0.0 0.0
125.4 4.537847796309528 0.6740584701256402 4.917987778651878 1.0 0.0 0.0 0.0
125.60000000000001 4.279765515942462 -1.200308203312991 4.563275847659321 1.0 0.0 0.0 0.0
125.80000000000001 5.330799123727131 0.17966855219740907 3.48857080433193 1.0 0.0 0.0 0.0
126.0 4.444451143150395 1.2490731419939132 3.3352285389422534 1.0 0.0 0.0 0.0
126.2 3.256941915213162 -0.9676618070856834 4.919927194663421 1.0 0.0 0.0 0.0
126.4 3.6375607848403804 1.1814020871401727 2.9184849581677943 1.0 0.0 0.0 0.0
126.60000000000001 4.071075657670465 -0.6301863129850744 3.02805976856564 1.0 0.0 0.0 0.0
126.80000000000001 2.8072451313591555 0.8494002653245936 4.471519697412483 1.0 0.0 0.0 0.0
127.0 5.049459204786593 -0.10251440622461683 5.280471257340767 1.0 0.0 0.0 0.0
127.2 3.2110096050056223 0.947682554698261 5.252737863804471 1.0 0.0 0.0 0.0
127.4 5.0617254464371335 -0.17509086523987438 4.793770577840515 1.0 0.0 0.0 0.0
127.60000000000001 4.2776218233141705 0.312218719112741 2.776937571525178 1.0 0.0 0.0 0.0
127.80000000000001 3.6246420340310825 0.26982374718114466 3.769808278942057 1.0 0.0 0.0 0.0
128.0 4.168072202963444 0.7298620409254313 5.157985607733071 1.0 0.0 0.0 0.0
128.20000000000002 2.946746460063746 0.46158524990400673 4.523318322047883 1.0 0.0 0.0 0.0
128.4 3.1588955173930144 -1.7043642237838612 4.549945312350516 1.0 0.0 0.0 0.0
128.6 2.462136455973187 -0.07216645329561278 3.4566829259641594 1.0 0.0 0.0 0.0
128.8 3.579815233680649 -0.34725364844021667 3.1329355273330526 1.0 0.0 0.0 0.0
129.0 3.9670094939825415 0.6626040724278495 2.840638491385777 1.0 0.0 0.0 0.0
129.20000000000002 2.3938008923101273 -0.05860148081539096 3.3328352559412275 1.0 0.0 0.0 0.0
129.4 4.822503497959124 -2.046268340650947 2.8249960332840156 1.0 0.0 0.0 0.0
129.6 4.910274726540736 -1.7628729296238013 4.118941685645663 1.0 0.0 0.0 0.0
129.8 3.729652405633572 -1.4005724770229122 4.3992056840639595 1.0 0.0 0.0 0.0
130.0 4.019564313937218 -1.2833835421171211 2.942438065276484 1.0 0.0 0.0 0.0
130.20000000000002 4.0526985848156 -2.291842561560472 4.750072522189058 1.0 0.0 0.0 0.0
130.4 2.3443443273021933 -1.510014999746994 4.468587384872084 1.0 0.0 0.0 0.0
130.6 4.970823945809284 0.307138861168204 5.546003013693962 1.0 0.0 0.0 0.0
130.8 2.4029268238910677 -1.175559093481243 2.570339424884634 1.0 0.0 0.0 0.0
131.0 3.8754787604646004 0.6593877500836709 4.292971403623611 1.0 0.0 0.0 0.0
131.20000000000002 2.2198041948040745 0.15167552535979656 3.2840153827092418 1.0 0.0 0.0 0.0
131.4 4.04091045262933 -0.10659784236512415 4.102292062907937 1.0 0.0 0.0 0.0
131.6 5.011032498844426 -0.10515994086808123 4.878251384865368 1.0 0.0 0.0 0.0
131.8 4.688504263431491 -0.6449995230604615 4.012199528203148 1.0 0.0 0.0 0.0
132.0 2.0350995986836065 0.42460531436570736 4.029085124983872 1.0 0.0 0.0 0.0
132.20000000000002 4.295710311855931 0.05406098692251504 5.289706843326017 1.0 0.0 0.0 0.0
132.4 1.9347295909847397 0.8151608002875279 3.8865755680779173 1.0 0.0 0.0 0.0
132.6 4.4111058013855455 0.4252884039418201 3.7432699497039597 1.0 0.0 0.0 0.0
132.8 2.4451659448310195 0.8216191013593868 4.438842481327439 1.0 0.0 0.0 0.0
133.0 4.314680404372361 -1.226005014558596 3.371190833059037 1.0 0.0 0.0 0.0
