0.0 2.4375 3.875 3.9375 1.0 0.0 0.0 0.0
0.2 2.4375 3.875 3.875 1.0 0.0 0.0 0.0
0.4 2.5625 3.9375 3.875 1.0 0.0 0.0 0.0
0.6000000000000001 2.5625 3.9375 3.8125 1.0 0.0 0.0 0.0
0.8 2.625 3.875 3.75 1.0 0.0 0.0 0.0
1.0 2.6875 3.875 3.75 1.0 0.0 0.0 0.0
1.2000000000000002 2.6875 3.875 3.6875 1.0 0.0 0.0 0.0
1.4000000000000001 2.6875 3.875 3.6875 1.0 0.0 0.0 0.0
1.6 2.6875 3.875 3.6875 1.0 0.0 0.0 0.0
1.8 2.6875 3.875 3.6875 1.0 0.0 0.0 0.0
2.0 2.6875 3.875 3.6875 1.0 0.0 0.0 0.0
2.2 2.8125 3.875 3.6875 1.0 0.0 0.0 0.0
2.4000000000000004 2.875 3.75 3.625 1.0 0.0 0.0 0.0
2.6 2.875 3.6875 3.625 1.0 0.0 0.0 0.0
2.8000000000000003 2.9375 3.625 3.625 1.0 0.0 0.0 0.0
3.0 2.9375 3.625 3.625 1.0 0.0 0.0 0.0
3.2 3.0 3.625 3.625 1.0 0.0 0.0 0.0
3.4000000000000004 3.0 3.625 3.625 1.0 0.0 0.0 0.0
3.6 3.0625 3.625 3.625 1.0 0.0 0.0 0.0
3.8000000000000003 3.0625 3.625 3.625 1.0 0.0 0.0 0.0
4.0 3.125 3.5625 3.625 1.0 0.0 0.0 0.0
4.2 3.125 3.5 3.625 1.0 0.0 0.0 0.0
4.4 3.125 3.4375 3.6875 1.0 0.0 0.0 0.0
4.6000000000000005 3.125 3.5 3.6875 1.0 0.0 0.0 0.0
4.800000000000001 3.1875 3.4375 3.6875 1.0 0.0 0.0 0.0
5.0 3.25 3.375 3.6875 1.0 0.0 0.0 0.0
5.2 3.25 3.3125 3.6875 1.0 0.0 0.0 0.0
5.4 3.3125 3.375 3.6875 1.0 0.0 0.0 0.0
5.6000000000000005 3.3125 3.3125 3.6875 1.0 0.0 0.0 0.0
5.800000000000001 3.375 3.3125 3.6875 1.0 0.0 0.0 0.0
6.0 3.4375 3.375 3.6875 1.0 0.0 0.0 0.0
6.2 3.4375 3.4375 3.6875 1.0 0.0 0.0 0.0
6.4 3.4375 3.5 3.6875 1.0 0.0 0.0 0.0
6.6000000000000005 3.5625 3.5 3.6875 1.0 0.0 0.0 0.0
6.800000000000001 3.5625 3.5625 3.6875 1.0 0.0 0.0 0.0
7.0 3.5625 3.625 3.75 1.0 0.0 0.0 0.0
7.2 3.8125 3.625 3.75 1.0 0.0 0.0 0.0
7.4 3.875 3.625 3.75 1.0 0.0 0.0 0.0
7.6000000000000005 3.875 3.75 3.75 1.0 0.0 0.0 0.0
7.800000000000001 3.875 3.75 3.8125 1.0 0.0 0.0 0.0
8.0 3.875 3.8125 3.8125 1.0 0.0 0.0 0.0
8.200000000000001 3.9375 3.9375 3.8125 1.0 0.0 0.0 0.0
8.4 4.0 4.125 3.8125 1.0 0.0 0.0 0.0
8.6 4.0 4.3125 3.875 1.0 0.0 0.0 0.0
8.8 4.0625 4.4375 3.875 1.0 0.0 0.0 0.0
9.0 4.0625 4.5625 3.875 1.0 0.0 0.0 0.0
9.200000000000001 4.0625 4.9375 3.9375 1.0 0.0 0.0 0.0
9.4 4.1875 5.0625 3.9375 1.0 0.0 0.0 0.0
9.600000000000001 4.1875 5.25 4.0 1.0 0.0 0.0 0.0
9.8 4.25 5.3125 4.0 1.0 0.0 0.0 0.0
10.0 4.3125 5.4375 4.0625 1.0 0.0 0.0 0.0
10.200000000000001 4.3125 5.5 4.0625 1.0 0.0 0.0 0.0
10.4 4.3125 5.5625 4.0625 1.0 0.0 0.0 0.0
10.600000000000001 4.25 5.6875 4.125 1.0 0.0 0.0 0.0
10.8 4.1875 5.8125 4.125 1.0 0.0 0.0 0.0
11.0 4.125 5.9375 4.1875 1.0 0.0 0.0 0.0
11.200000000000001 4.125 6.0625 4.1875 1.0 0.0 0.0 0.0
11.4 4.0625 6.125 4.1875 1.0 0.0 0.0 0.0
11.600000000000001 4.0625 6.1875 4.25 1.0 0.0 0.0 0.0
11.8 4.125 6.25 4.3125 1.0 0.0 0.0 0.0
12.0 4.0625 6.3125 4.3125 1.0 0.0 0.0 0.0
12.200000000000001 4.0625 6.4375 4.3125 1.0 0.0 0.0 0.0
12.4 4.0625 6.5625 4.3125 1.0 0.0 0.0 0.0
12.600000000000001 4.0 6.5625 4.3125 1.0 0.0 0.0 0.0
12.8 4.0 6.625 4.3125 1.0 0.0 0.0 0.0
13.0 3.9375 6.6875 4.375 1.0 0.0 0.0 0.0
13.200000000000001 3.9375 6.75 4.375 1.0 0.0 0.0 0.0
13.4 3.9375 6.8125 4.375 1.0 0.0 0.0 0.0
13.600000000000001 3.9375 6.9375 4.375 1.0 0.0 0.0 0.0
13.8 4.0 6.9375 4.4375 1.0 0.0 0.0 0.0
14.0 3.9375 6.9375 4.375 1.0 0.0 0.0 0.0
14.200000000000001 3.9375 7.0625 4.375 1.0 0.0 0.0 0.0
14.4 3.9375 7.0625 4.4375 1.0 0.0 0.0 0.0
14.600000000000001 3.875 7.1875 4.4375 1.0 0.0 0.0 0.0
14.8 3.875 7.1875 4.4375 1.0 0.0 0.0 0.0
15.0 3.8125 7.25 4.4375 1.0 0.0 0.0 0.0
15.200000000000001 3.8125 7.3125 4.4375 1.0 0.0 0.0 0.0
15.4 3.8125 7.375 4.5 1.0 0.0 0.0 0.0
15.600000000000001 3.6875 7.375 4.5 1.0 0.0 0.0 0.0
15.8 3.5625 7.5 4.5 1.0 0.0 0.0 0.0
16.0 3.5 7.5 4.5625 1.0 0.0 0.0 0.0
16.2 3.4375 7.5 4.5625 1.0 0.0 0.0 0.0
16.400000000000002 3.3125 7.5 4.5625 1.0 0.0 0.0 0.0
16.6 3.25 7.5625 4.5625 1.0 0.0 0.0 0.0
16.8 3.25 7.625 4.5625 1.0 0.0 0.0 0.0
17.0 3.1875 7.625 4.5625 1.0 0.0 0.0 0.0
17.2 3.125 7.625 4.625 1.0 0.0 0.0 0.0
17.400000000000002 3.125 7.625 4.625 1.0 0.0 0.0 0.0
17.6 3.0625 7.625 4.625 1.0 0.0 0.0 0.0
17.8 3.0 7.5625 4.625 1.0 0.0 0.0 0.0
18.0 3.0 7.5625 4.625 1.0 0.0 0.0 0.0
18.2 3.0625 7.5625 4.625 1.0 0.0 0.0 0.0
18.400000000000002 3.0 7.5 4.5625 1.0 0.0 0.0 0.0
18.6 3.0 7.5 4.5625 1.0 0.0 0.0 0.0
18.8 3.0 7.5 4.5 1.0 0.0 0.0 0.0
19.0 3.0 7.4375 4.5625 1.0 0.0 0.0 0.0
19.200000000000003 3.0 7.375 4.5 1.0 0.0 0.0 0.0
19.400000000000002 2.9375 7.375 4.5 1.0 0.0 0.0 0.0
19.6 2.9375 7.25 4.4375 1.0 0.0 0.0 0.0
19.8 2.875 7.25 4.4375 1.0 0.0 0.0 0.0
20.0 2.8125 7.25 4.375 1.0 0.0 0.0 0.0
20.200000000000003 2.9375 7.25 4.375 1.0 0.0 0.0 0.0
20.400000000000002 2.9375 7.1875 4.375 1.0 0.0 0.0 0.0
20.6 2.9375 7.25 4.375 1.0 0.0 0.0 0.0
20.8 2.9375 7.25 4.375 1.0 0.0 0.0 0.0
21.0 3.0 7.25 4.375 1.0 0.0 0.0 0.0
21.200000000000003 2.9375 7.1875 4.375 1.0 0.0 0.0 0.0
21.400000000000002 2.9375 7.1875 4.375 1.0 0.0 0.0 0.0
21.6 2.9375 7.1875 4.375 1.0 0.0 0.0 0.0
21.8 2.9375 7.25 4.375 1.0 0.0 0.0 0.0
22.0 2.9375 7.3125 4.4375 1.0 0.0 0.0 0.0
22.200000000000003 2.875 7.3125 4.4375 1.0 0.0 0.0 0.0
22.400000000000002 2.8125 7.375 4.5 1.0 0.0 0.0 0.0
22.6 2.8125 7.375 4.4375 1.0 0.0 0.0 0.0
22.8 2.75 7.375 4.4375 1.0 0.0 0.0 0.0
23.0 2.75 7.4375 4.4375 1.0 0.0 0.0 0.0
23.200000000000003 2.8125 7.4375 4.5 1.0 0.0 0.0 0.0
23.400000000000002 2.8125 7.4375 4.5 1.0 0.0 0.0 0.0
23.6 2.8125 7.5 4.5 1.0 0.0 0.0 0.0
23.8 2.8125 7.5625 4.5625 1.0 0.0 0.0 0.0
24.0 2.8125 7.6875 4.5625 1.0 0.0 0.0 0.0
24.200000000000003 2.8125 7.75 4.5 1.0 0.0 0.0 0.0
24.400000000000002 2.8125 7.875 4.5 1.0 0.0 0.0 0.0
24.6 2.8125 7.9375 4.4375 1.0 0.0 0.0 0.0
24.8 2.75 7.9375 4.5 1.0 0.0 0.0 0.0
25.0 2.8125 8.0 4.5 1.0 0.0 0.0 0.0
25.200000000000003 2.75 8.0625 4.5 1.0 0.0 0.0 0.0
25.400000000000002 2.75 8.125 4.4375 1.0 0.0 0.0 0.0
25.6 2.6875 8.1875 4.4375 1.0 0.0 0.0 0.0
25.8 2.6875 8.3125 4.4375 1.0 0.0 0.0 0.0
26.0 2.625 8.4375 4.375 1.0 0.0 0.0 0.0
26.200000000000003 2.6875 8.5 4.375 1.0 0.0 0.0 0.0
26.400000000000002 2.625 8.5 4.375 1.0 0.0 0.0 0.0
26.6 2.5625 8.5625 4.375 1.0 0.0 0.0 0.0
26.8 2.5 8.625 4.375 1.0 0.0 0.0 0.0
27.0 2.5 8.625 4.3125 1.0 0.0 0.0 0.0
27.200000000000003 2.5 8.6875 4.3125 1.0 0.0 0.0 0.0
27.400000000000002 2.5 8.8125 4.25 1.0 0.0 0.0 0.0
27.6 2.4375 8.9375 4.25 1.0 0.0 0.0 0.0
27.8 2.375 9.0625 4.1875 1.0 0.0 0.0 0.0
28.0 2.3125 9.125 4.125 1.0 0.0 0.0 0.0
28.200000000000003 2.25 9.1875 4.0625 1.0 0.0 0.0 0.0
28.400000000000002 2.125 9.3125 4.0625 1.0 0.0 0.0 0.0
28.6 2.0 9.3125 4.0 1.0 0.0 0.0 0.0
28.8 1.9375 9.4375 4.0 1.0 0.0 0.0 0.0
29.0 1.9375 9.4375 4.0 1.0 0.0 0.0 0.0
29.200000000000003 1.9375 9.4375 3.9375 1.0 0.0 0.0 0.0
29.400000000000002 1.875 9.5 3.875 1.0 0.0 0.0 0.0
29.6 1.875 9.5625 3.875 1.0 0.0 0.0 0.0
29.8 1.8125 9.625 3.8125 1.0 0.0 0.0 0.0
30.0 1.75 9.6875 3.75 1.0 0.0 0.0 0.0
30.200000000000003 1.75 9.8125 3.6875 1.0 0.0 0.0 0.0
30.400000000000002 1.75 9.8125 3.625 1.0 0.0 0.0 0.0
30.6 1.75 9.875 3.5625 1.0 0.0 0.0 0.0
30.8 1.625 9.9375 3.5625 1.0 0.0 0.0 0.0
31.0 1.5625 10.0625 3.5 1.0 0.0 0.0 0.0
31.200000000000003 1.5625 10.0625 3.5 1.0 0.0 0.0 0.0
31.400000000000002 1.5625 10.125 3.5 1.0 0.0 0.0 0.0
31.6 1.5 10.1875 3.4375 1.0 0.0 0.0 0.0
31.8 1.5 10.1875 3.375 1.0 0.0 0.0 0.0
32.0 1.4375 10.1875 3.375 1.0 0.0 0.0 0.0
32.2 1.4375 10.25 3.375 1.0 0.0 0.0 0.0
32.4 1.4375 10.3125 3.375 1.0 0.0 0.0 0.0
32.6 1.4375 10.3125 3.375 1.0 0.0 0.0 0.0
32.800000000000004 1.4375 10.3125 3.3125 1.0 0.0 0.0 0.0
33.0 1.5 10.3125 3.3125 1.0 0.0 0.0 0.0
33.2 1.4375 10.3125 3.3125 1.0 0.0 0.0 0.0
33.4 1.4375 10.375 3.3125 1.0 0.0 0.0 0.0
33.6 1.4375 10.375 3.3125 1.0 0.0 0.0 0.0
33.800000000000004 1.4375 10.375 3.3125 1.0 0.0 0.0 0.0
34.0 1.5 10.4375 3.3125 1.0 0.0 0.0 0.0
34.2 1.5 10.4375 3.375 1.0 0.0 0.0 0.0
34.4 1.5 10.4375 3.4375 1.0 0.0 0.0 0.0
34.6 1.5625 10.4375 3.4375 1.0 0.0 0.0 0.0
34.800000000000004 1.5 10.4375 3.4375 1.0 0.0 0.0 0.0
35.0 1.5 10.5 3.5 1.0 0.0 0.0 0.0
35.2 1.5 10.5 3.4375 1.0 0.0 0.0 0.0
35.4 1.5 10.4375 3.5 1.0 0.0 0.0 0.0
35.6 1.4375 10.4375 3.5 1.0 0.0 0.0 0.0
35.800000000000004 1.4375 10.375 3.5 1.0 0.0 0.0 0.0
36.0 1.5 10.3125 3.5 1.0 0.0 0.0 0.0
36.2 1.5625 10.25 3.5 1.0 0.0 0.0 0.0
36.4 1.5 10.1875 3.5 1.0 0.0 0.0 0.0
36.6 1.5625 10.125 3.5 1.0 0.0 0.0 0.0
36.800000000000004 1.5 10.125 3.5 1.0 0.0 0.0 0.0
37.0 1.5 10.0625 3.5 1.0 0.0 0.0 0.0
37.2 1.4375 10.125 3.5 1.0 0.0 0.0 0.0
37.4 1.5 10.0625 3.625 1.0 0.0 0.0 0.0
37.6 1.5 10.125 3.625 1.0 0.0 0.0 0.0
37.800000000000004 1.5 10.0625 3.625 1.0 0.0 0.0 0.0
38.0 1.5625 10.0625 3.625 1.0 0.0 0.0 0.0
38.2 1.5625 10.0 3.625 1.0 0.0 0.0 0.0
38.400000000000006 1.625 10.0 3.6875 1.0 0.0 0.0 0.0
38.6 1.625 10.0 3.6875 1.0 0.0 0.0 0.0
38.800000000000004 1.625 9.9375 3.6875 1.0 0.0 0.0 0.0
39.0 1.625 9.9375 3.6875 1.0 0.0 0.0 0.0
39.2 1.625 9.9375 3.75 1.0 0.0 0.0 0.0
39.400000000000006 1.6875 9.9375 3.8125 1.0 0.0 0.0 0.0
39.6 1.6875 9.9375 3.8125 1.0 0.0 0.0 0.0
39.800000000000004 1.75 9.9375 3.875 1.0 0.0 0.0 0.0
40.0 1.8125 9.9375 3.875 1.0 0.0 0.0 0.0
40.2 2.0 9.9375 3.9375 1.0 0.0 0.0 0.0
40.400000000000006 2.0625 9.9375 3.875 1.0 0.0 0.0 0.0
40.6 2.25 9.9375 3.875 1.0 0.0 0.0 0.0
40.800000000000004 2.25 9.9375 3.9375 1.0 0.0 0.0 0.0
41.0 2.3125 9.9375 3.9375 1.0 0.0 0.0 0.0
41.2 2.3125 9.9375 4.125 1.0 0.0 0.0 0.0
41.400000000000006 2.3125 10.0 4.125 1.0 0.0 0.0 0.0
41.6 2.4375 9.9375 4.1875 1.0 0.0 0.0 0.0
41.800000000000004 2.4375 9.9375 4.375 1.0 0.0 0.0 0.0
42.0 2.5 9.9375 4.5 1.0 0.0 0.0 0.0
42.2 2.5625 9.9375 4.5625 1.0 0.0 0.0 0.0
42.400000000000006 2.6875 9.9375 4.625 1.0 0.0 0.0 0.0
42.6 2.75 9.9375 4.6875 1.0 0.0 0.0 0.0
42.800000000000004 2.8125 9.9375 4.625 1.0 0.0 0.0 0.0
43.0 2.875 9.9375 4.6875 1.0 0.0 0.0 0.0
43.2 2.9375 9.9375 4.75 1.0 0.0 0.0 0.0
43.400000000000006 3.0 9.9375 4.875 1.0 0.0 0.0 0.0
43.6 3.0625 9.9375 4.875 1.0 0.0 0.0 0.0
43.800000000000004 3.125 9.9375 4.9375 1.0 0.0 0.0 0.0
44.0 3.1875 10.0 4.9375 1.0 0.0 0.0 0.0
44.2 3.25 10.0 4.875 1.0 0.0 0.0 0.0
44.400000000000006 3.25 9.9375 4.9375 1.0 0.0 0.0 0.0
44.6 3.25 10.0 4.9375 1.0 0.0 0.0 0.0
44.800000000000004 3.375 10.0625 4.9375 1.0 0.0 0.0 0.0
45.0 3.375 10.125 5.125 1.0 0.0 0.0 0.0
45.2 3.5 10.0625 5.25 1.0 0.0 0.0 0.0
45.400000000000006 3.5 10.1875 5.25 1.0 0.0 0.0 0.0
45.6 3.625 10.3125 5.25 1.0 0.0 0.0 0.0
45.800000000000004 3.6875 10.3125 5.25 1.0 0.0 0.0 0.0
46.0 3.75 10.3125 5.3125 1.0 0.0 0.0 0.0
46.2 3.75 10.375 5.3125 1.0 0.0 0.0 0.0
46.400000000000006 3.9375 10.5625 5.375 1.0 0.0 0.0 0.0
46.6 3.9375 10.5625 5.375 1.0 0.0 0.0 0.0
46.800000000000004 4.0625 10.5625 5.375 1.0 0.0 0.0 0.0
47.0 4.0625 10.5625 5.375 1.0 0.0 0.0 0.0
47.2 4.1875 10.5625 5.3125 1.0 0.0 0.0 0.0
47.400000000000006 4.25 10.4375 5.375 1.0 0.0 0.0 0.0
47.6 4.4375 10.3125 5.375 1.0 0.0 0.0 0.0
47.800000000000004 4.5 10.125 5.3125 1.0 0.0 0.0 0.0
48.0 4.5625 10.125 5.375 1.0 0.0 0.0 0.0
48.2 4.5625 10.0 5.375 1.0 0.0 0.0 0.0
48.400000000000006 4.5625 9.9375 5.375 1.0 0.0 0.0 0.0
48.6 4.5625 9.9375 5.375 1.0 0.0 0.0 0.0
48.800000000000004 4.5625 9.8125 5.375 1.0 0.0 0.0 0.0
49.0 4.5625 9.75 5.375 1.0 0.0 0.0 0.0
49.2 4.5625 9.5625 5.4375 1.0 0.0 0.0 0.0
49.400000000000006 4.5625 9.5 5.4375 1.0 0.0 0.0 0.0
49.6 4.5625 9.4375 5.375 1.0 0.0 0.0 0.0
49.800000000000004 4.625 9.375 5.3125 1.0 0.0 0.0 0.0
50.0 4.625 9.375 5.25 1.0 0.0 0.0 0.0
50.2 4.625 9.0625 5.25 1.0 0.0 0.0 0.0
50.400000000000006 4.625 9.0 5.25 1.0 0.0 0.0 0.0
50.6 4.625 8.9375 5.1875 1.0 0.0 0.0 0.0
50.800000000000004 4.625 8.9375 5.125 1.0 0.0 0.0 0.0
51.0 4.6875 8.875 5.125 1.0 0.0 0.0 0.0
51.2 4.5625 8.8125 5.0625 1.0 0.0 0.0 0.0
51.400000000000006 4.5 8.8125 5.0625 1.0 0.0 0.0 0.0
51.6 4.4375 8.75 5.0 1.0 0.0 0.0 0.0
51.800000000000004 4.375 8.75 4.9375 1.0 0.0 0.0 0.0
52.0 4.375 8.6875 4.875 1.0 0.0 0.0 0.0
52.2 4.3125 8.6875 4.8125 1.0 0.0 0.0 0.0
52.400000000000006 4.3125 8.625 4.75 1.0 0.0 0.0 0.0
52.6 4.4375 8.625 4.6875 1.0 0.0 0.0 0.0
52.800000000000004 4.25 8.5625 4.6875 1.0 0.0 0.0 0.0
53.0 4.0 8.5 4.5625 1.0 0.0 0.0 0.0
53.2 3.875 8.4375 4.5625 1.0 0.0 0.0 0.0
53.400000000000006 3.8125 8.375 4.5 1.0 0.0 0.0 0.0
53.6 3.75 8.3125 4.4375 1.0 0.0 0.0 0.0
53.800000000000004 3.75 8.3125 4.4375 1.0 0.0 0.0 0.0
54.0 3.6875 8.25 4.4375 1.0 0.0 0.0 0.0
54.2 3.625 8.375 4.375 1.0 0.0 0.0 0.0
54.400000000000006 3.375 8.375 4.3125 1.0 0.0 0.0 0.0
54.6 3.25 8.4375 4.25 1.0 0.0 0.0 0.0
54.800000000000004 3.0 8.4375 4.25 1.0 0.0 0.0 0.0
55.0 2.9375 8.4375 4.25 1.0 0.0 0.0 0.0
55.2 2.9375 8.5 4.25 1.0 0.0 0.0 0.0
55.400000000000006 2.875 8.5 4.125 1.0 0.0 0.0 0.0
55.6 2.8125 8.5 4.125 1.0 0.0 0.0 0.0
55.800000000000004 2.8125 8.5 4.125 1.0 0.0 0.0 0.0
56.0 2.6875 8.4375 4.125 1.0 0.0 0.0 0.0
56.2 2.625 8.4375 4.125 1.0 0.0 0.0 0.0
56.400000000000006 2.5625 8.375 4.125 1.0 0.0 0.0 0.0
56.6 2.5 8.375 4.125 1.0 0.0 0.0 0.0
56.800000000000004 2.4375 8.375 4.0625 1.0 0.0 0.0 0.0
57.0 2.3125 8.3125 4.0625 1.0 0.0 0.0 0.0
57.2 2.25 8.3125 4.0625 1.0 0.0 0.0 0.0
57.400000000000006 2.1875 8.3125 4.0 1.0 0.0 0.0 0.0
57.6 2.125 8.25 4.0 1.0 0.0 0.0 0.0
57.800000000000004 2.0625 8.25 4.0 1.0 0.0 0.0 0.0
58.0 2.0 8.1875 4.0 1.0 0.0 0.0 0.0
58.2 1.9375 8.125 4.0 1.0 0.0 0.0 0.0
58.400000000000006 1.8125 8.125 4.0 1.0 0.0 0.0 0.0
58.6 1.6875 8.0625 4.0 1.0 0.0 0.0 0.0
58.800000000000004 1.6875 8.0625 4.0 1.0 0.0 0.0 0.0
59.0 1.5625 8.0 4.0625 1.0 0.0 0.0 0.0
59.2 1.5 8.0 4.0625 1.0 0.0 0.0 0.0
59.400000000000006 1.4375 8.0 4.0625 1.0 0.0 0.0 0.0
59.6 1.375 7.9375 4.125 1.0 0.0 0.0 0.0
59.800000000000004 1.3125 7.875 4.1875 1.0 0.0 0.0 0.0
60.0 1.3125 7.875 4.1875 1.0 0.0 0.0 0.0
60.2 1.25 7.75 4.25 1.0 0.0 0.0 0.0
60.400000000000006 1.125 7.625 4.3125 1.0 0.0 0.0 0.0
60.6 1.0625 7.625 4.3125 1.0 0.0 0.0 0.0
60.800000000000004 1.0 7.5 4.375 1.0 0.0 0.0 0.0
61.0 0.875 7.4375 4.375 1.0 0.0 0.0 0.0
61.2 0.75 7.3125 4.4375 1.0 0.0 0.0 0.0
61.400000000000006 0.75 7.1875 4.4375 1.0 0.0 0.0 0.0
61.6 0.625 7.1875 4.4375 1.0 0.0 0.0 0.0
61.800000000000004 0.625 7.0625 4.4375 1.0 0.0 0.0 0.0
62.0 0.5625 6.9375 4.5 1.0 0.0 0.0 0.0
62.2 0.375 6.8125 4.5 1.0 0.0 0.0 0.0
62.400000000000006 0.25 6.6875 4.5 1.0 0.0 0.0 0.0
62.6 0.1875 6.6875 4.5 1.0 0.0 0.0 0.0
62.800000000000004 0.0625 6.5625 4.5 1.0 0.0 0.0 0.0
63.0 0.0625 6.4375 4.5625 1.0 0.0 0.0 0.0
63.2 -0.0625 6.3125 4.5 1.0 0.0 0.0 0.0
63.400000000000006 -0.125 6.25 4.5 1.0 0.0 0.0 0.0
63.6 -0.1875 6.125 4.5625 1.0 0.0 0.0 0.0
63.800000000000004 -0.25 6.0 4.5 1.0 0.0 0.0 0.0
64.0 -0.3125 5.875 4.5 1.0 0.0 0.0 0.0
64.2 -0.375 5.75 4.5 1.0 0.0 0.0 0.0
64.4 -0.4375 5.75 4.4375 1.0 0.0 0.0 0.0
64.60000000000001 -0.4375 5.5625 4.375 1.0 0.0 0.0 0.0
64.8 -0.4375 5.3125 4.375 1.0 0.0 0.0 0.0
65.0 -0.625 5.1875 4.3125 1.0 0.0 0.0 0.0
65.2 -0.625 5.0625 4.375 1.0 0.0 0.0 0.0
65.4 -0.6875 4.875 4.3125 1.0 0.0 0.0 0.0
65.60000000000001 -0.6875 4.75 4.3125 1.0 0.0 0.0 0.0
65.8 -0.6875 4.625 4.3125 1.0 0.0 0.0 0.0
66.0 -0.75 4.5 4.3125 1.0 0.0 0.0 0.0
66.2 -0.75 4.4375 4.375 1.0 0.0 0.0 0.0
66.4 -0.75 4.4375 4.375 1.0 0.0 0.0 0.0
66.60000000000001 -0.75 4.3125 4.3125 1.0 0.0 0.0 0.0
66.8 -0.6875 4.25 4.0 1.0 0.0 0.0 0.0
67.0 -0.6875 4.125 3.9375 1.0 0.0 0.0 0.0
67.2 -0.6875 4.0 3.875 1.0 0.0 0.0 0.0
67.4 -0.6875 3.9375 3.875 1.0 0.0 0.0 0.0
67.60000000000001 -0.6875 3.875 3.875 1.0 0.0 0.0 0.0
67.8 -0.625 3.8125 3.875 1.0 0.0 0.0 0.0
68.0 -0.625 3.75 3.875 1.0 0.0 0.0 0.0
68.2 -0.625 3.6875 3.875 1.0 0.0 0.0 0.0
68.4 -0.75 3.6875 3.875 1.0 0.0 0.0 0.0
68.60000000000001 -0.875 3.625 3.8125 1.0 0.0 0.0 0.0
68.8 -0.8125 3.5625 3.8125 1.0 0.0 0.0 0.0
69.0 -0.75 3.5 3.8125 1.0 0.0 0.0 0.0
69.2 -0.6875 3.4375 3.875 1.0 0.0 0.0 0.0
69.4 -0.5625 3.4375 3.9375 1.0 0.0 0.0 0.0
69.60000000000001 -0.4375 3.375 4.0 1.0 0.0 0.0 0.0
69.8 -0.3125 3.375 4.0 1.0 0.0 0.0 0.0
70.0 -0.1875 3.375 4.0 1.0 0.0 0.0 0.0
70.2 -0.1875 3.3125 4.0625 1.0 0.0 0.0 0.0
70.4 -0.0625 3.25 4.125 1.0 0.0 0.0 0.0
70.60000000000001 0.0625 3.25 4.0625 1.0 0.0 0.0 0.0
70.8 0.125 3.1875 4.125 1.0 0.0 0.0 0.0
71.0 0.1875 3.1875 4.125 1.0 0.0 0.0 0.0
71.2 0.375 3.125 4.125 1.0 0.0 0.0 0.0
71.4 0.5 3.0625 4.1875 1.0 0.0 0.0 0.0
71.60000000000001 0.6875 3.0 4.125 1.0 0.0 0.0 0.0
71.8 0.875 2.8125 4.1875 1.0 0.0 0.0 0.0
72.0 1.0 2.625 4.1875 1.0 0.0 0.0 0.0
72.2 1.0 2.5625 4.1875 1.0 0.0 0.0 0.0
72.4 1.125 2.5625 4.125 1.0 0.0 0.0 0.0
72.60000000000001 1.1875 2.75 4.125 1.0 0.0 0.0 0.0
72.8 1.25 2.8125 4.125 1.0 0.0 0.0 0.0
73.0 1.375 2.8125 4.0625 1.0 0.0 0.0 0.0
73.2 1.5 2.8125 4.0 1.0 0.0 0.0 0.0
73.4 1.625 2.875 3.875 1.0 0.0 0.0 0.0
73.60000000000001 1.75 3.0 3.8125 1.0 0.0 0.0 0.0
73.8 1.875 3.0625 3.8125 1.0 0.0 0.0 0.0
74.0 1.9375 3.0625 3.6875 1.0 0.0 0.0 0.0
74.2 2.0625 3.0625 3.6875 1.0 0.0 0.0 0.0
74.4 2.1875 3.125 3.6875 1.0 0.0 0.0 0.0
74.60000000000001 2.3125 3.125 3.625 1.0 0.0 0.0 0.0
74.8 2.375 3.125 3.5625 1.0 0.0 0.0 0.0
75.0 2.5 3.125 3.5625 1.0 0.0 0.0 0.0
75.2 2.625 3.125 3.5 1.0 0.0 0.0 0.0
75.4 2.8125 3.1875 3.375 1.0 0.0 0.0 0.0
75.60000000000001 2.875 3.1875 3.3125 1.0 0.0 0.0 0.0
75.8 3.0 3.25 3.25 1.0 0.0 0.0 0.0
76.0 3.125 3.1875 3.25 1.0 0.0 0.0 0.0
76.2 3.25 3.1875 3.25 1.0 0.0 0.0 0.0
76.4 3.375 3.25 3.1875 1.0 0.0 0.0 0.0
76.60000000000001 3.5 3.3125 3.125 1.0 0.0 0.0 0.0
76.80000000000001 3.5625 3.25 3.0625 1.0 0.0 0.0 0.0
77.0 3.625 3.1875 3.0625 1.0 0.0 0.0 0.0
77.2 3.6875 3.125 3.0625 1.0 0.0 0.0 0.0
77.4 3.75 3.0625 3.0625 1.0 0.0 0.0 0.0
77.60000000000001 4.125 3.0625 3.0 1.0 0.0 0.0 0.0
77.80000000000001 4.1875 3.0 2.9375 1.0 0.0 0.0 0.0
78.0 4.25 2.9375 2.875 1.0 0.0 0.0 0.0
78.2 4.3125 2.875 2.875 1.0 0.0 0.0 0.0
78.4 4.375 2.8125 2.8125 1.0 0.0 0.0 0.0
78.60000000000001 4.4375 2.75 2.75 1.0 0.0 0.0 0.0
78.80000000000001 4.5 2.625 2.75 1.0 0.0 0.0 0.0
79.0 4.5625 2.5625 2.75 1.0 0.0 0.0 0.0
79.2 4.625 2.4375 2.75 1.0 0.0 0.0 0.0
79.4 4.6875 2.4375 2.6875 1.0 0.0 0.0 0.0
79.60000000000001 4.75 2.375 2.6875 1.0 0.0 0.0 0.0
79.80000000000001 4.8125 2.1875 2.625 1.0 0.0 0.0 0.0
80.0 4.875 2.125 2.625 1.0 0.0 0.0 0.0
80.2 4.9375 2.0 2.625 1.0 0.0 0.0 0.0
80.4 5.0 1.8125 2.625 1.0 0.0 0.0 0.0
80.60000000000001 5.0625 1.6875 2.5 1.0 0.0 0.0 0.0
80.80000000000001 5.0625 1.5625 2.5 1.0 0.0 0.0 0.0
81.0 5.125 1.4375 2.4375 1.0 0.0 0.0 0.0
81.2 5.1875 1.375 2.4375 1.0 0.0 0.0 0.0
81.4 5.25 1.25 2.4375 1.0 0.0 0.0 0.0
81.60000000000001 5.3125 1.125 2.4375 1.0 0.0 0.0 0.0
81.80000000000001 5.4375 1.0625 2.375 1.0 0.0 0.0 0.0
82.0 5.5 0.9375 2.375 1.0 0.0 0.0 0.0
82.2 5.5625 0.8125 2.375 1.0 0.0 0.0 0.0
82.4 5.625 0.625 2.375 1.0 0.0 0.0 0.0
82.60000000000001 5.6875 0.4375 2.3125 1.0 0.0 0.0 0.0
82.80000000000001 5.625 0.375 2.25 1.0 0.0 0.0 0.0
83.0 5.6875 0.25 2.25 1.0 0.0 0.0 0.0
83.2 5.6875 0.25 2.1875 1.0 0.0 0.0 0.0
83.4 5.75 0.125 2.1875 1.0 0.0 0.0 0.0
83.60000000000001 5.8125 0.0625 2.1875 1.0 0.0 0.0 0.0
83.80000000000001 5.875 0.0 2.125 1.0 0.0 0.0 0.0
84.0 5.9375 0.0 2.125 1.0 0.0 0.0 0.0
84.2 5.9375 -0.125 2.125 1.0 0.0 0.0 0.0
84.4 5.9375 -0.1875 2.0625 1.0 0.0 0.0 0.0
84.60000000000001 5.9375 -0.3125 2.0625 1.0 0.0 0.0 0.0
84.80000000000001 5.9375 -0.3125 2.125 1.0 0.0 0.0 0.0
85.0 5.9375 -0.375 2.125 1.0 0.0 0.0 0.0
85.2 5.9375 -0.5 2.0625 1.0 0.0 0.0 0.0
85.4 6.0 -0.5625 2.125 1.0 0.0 0.0 0.0
85.60000000000001 5.8125 -0.5625 2.0625 1.0 0.0 0.0 0.0
85.80000000000001 5.8125 -0.625 2.125 1.0 0.0 0.0 0.0
86.0 5.875 -0.6875 2.0625 1.0 0.0 0.0 0.0
86.2 5.875 -0.6875 2.125 1.0 0.0 0.0 0.0
86.4 5.875 -0.6875 2.1875 1.0 0.0 0.0 0.0
86.60000000000001 5.875 -0.6875 2.1875 1.0 0.0 0.0 0.0
86.80000000000001 5.875 -0.75 2.125 1.0 0.0 0.0 0.0
87.0 5.8125 -0.8125 2.1875 1.0 0.0 0.0 0.0
87.2 5.8125 -0.8125 2.25 1.0 0.0 0.0 0.0
87.4 5.8125 -0.8125 2.3125 1.0 0.0 0.0 0.0
87.60000000000001 5.75 -0.8125 2.375 1.0 0.0 0.0 0.0
87.80000000000001 5.6875 -0.8125 2.375 1.0 0.0 0.0 0.0
88.0 5.5625 -0.8125 2.4375 1.0 0.0 0.0 0.0
88.2 5.5625 -0.8125 2.4375 1.0 0.0 0.0 0.0
88.4 5.4375 -0.8125 2.5 1.0 0.0 0.0 0.0
88.60000000000001 5.4375 -0.75 2.5 1.0 0.0 0.0 0.0
88.80000000000001 5.375 -0.75 2.5 1.0 0.0 0.0 0.0
89.0 5.3125 -0.6875 2.5625 1.0 0.0 0.0 0.0
89.2 5.1875 -0.625 2.5625 1.0 0.0 0.0 0.0
89.4 5.125 -0.5625 2.5625 1.0 0.0 0.0 0.0
89.60000000000001 5.0625 -0.4375 2.5 1.0 0.0 0.0 0.0
89.80000000000001 5.0 -0.4375 2.4375 1.0 0.0 0.0 0.0
90.0 4.875 -0.375 2.5625 1.0 0.0 0.0 0.0
90.2 4.8125 -0.25 2.75 1.0 0.0 0.0 0.0
90.4 4.6875 -0.25 2.8125 1.0 0.0 0.0 0.0
90.60000000000001 4.625 -0.125 2.9375 1.0 0.0 0.0 0.0
90.80000000000001 4.625 -0.125 3.0625 1.0 0.0 0.0 0.0
91.0 4.5625 0.0 3.0625 1.0 0.0 0.0 0.0
91.2 4.5625 0.0625 3.125 1.0 0.0 0.0 0.0
91.4 4.4375 0.125 3.1875 1.0 0.0 0.0 0.0
91.60000000000001 4.375 0.1875 3.1875 1.0 0.0 0.0 0.0
91.80000000000001 4.375 0.1875 3.1875 1.0 0.0 0.0 0.0
92.0 4.3125 0.1875 3.1875 1.0 0.0 0.0 0.0
92.2 4.25 0.25 3.1875 1.0 0.0 0.0 0.0
92.4 4.1875 0.25 3.1875 1.0 0.0 0.0 0.0
92.60000000000001 4.125 0.3125 3.1875 1.0 0.0 0.0 0.0
92.80000000000001 4.0 0.4375 3.1875 1.0 0.0 0.0 0.0
93.0 3.9375 0.5 3.1875 1.0 0.0 0.0 0.0
93.2 3.875 0.5625 3.1875 1.0 0.0 0.0 0.0
93.4 3.8125 0.6875 3.1875 1.0 0.0 0.0 0.0
93.60000000000001 3.6875 0.6875 3.125 1.0 0.0 0.0 0.0
93.80000000000001 3.6875 0.8125 3.0625 1.0 0.0 0.0 0.0
94.0 3.5625 0.875 3.0625 1.0 0.0 0.0 0.0
94.2 3.5 1.0625 3.0 1.0 0.0 0.0 0.0
94.4 3.5 1.125 2.9375 1.0 0.0 0.0 0.0
94.60000000000001 3.375 1.1875 2.9375 1.0 0.0 0.0 0.0
94.80000000000001 3.25 1.3125 2.875 1.0 0.0 0.0 0.0
95.0 3.125 1.75 2.875 1.0 0.0 0.0 0.0
95.2 3.0625 1.8125 2.8125 1.0 0.0 0.0 0.0
95.4 3.0625 1.875 2.8125 1.0 0.0 0.0 0.0
95.60000000000001 3.0625 1.9375 2.8125 1.0 0.0 0.0 0.0
95.80000000000001 3.0 2.0625 2.8125 1.0 0.0 0.0 0.0
96.0 3.0 2.125 2.8125 1.0 0.0 0.0 0.0
96.2 3.0 2.1875 2.8125 1.0 0.0 0.0 0.0
96.4 2.9375 2.375 2.75 1.0 0.0 0.0 0.0
96.60000000000001 2.875 2.4375 2.6875 1.0 0.0 0.0 0.0
96.80000000000001 2.8125 2.5 2.625 1.0 0.0 0.0 0.0
97.0 2.8125 2.625 2.5625 1.0 0.0 0.0 0.0
97.2 2.75 2.6875 2.5625 1.0 0.0 0.0 0.0
97.4 2.6875 2.75 2.5 1.0 0.0 0.0 0.0
97.60000000000001 2.625 2.8125 2.5 1.0 0.0 0.0 0.0
97.80000000000001 2.5625 2.875 2.5 1.0 0.0 0.0 0.0
98.0 2.5625 2.875 2.375 1.0 0.0 0.0 0.0
98.2 2.5 2.9375 2.375 1.0 0.0 0.0 0.0
98.4 2.4375 3.0 2.375 1.0 0.0 0.0 0.0
98.60000000000001 2.375 3.0625 2.375 1.0 0.0 0.0 0.0
98.80000000000001 2.3125 3.0625 2.375 1.0 0.0 0.0 0.0
99.0 2.25 3.1875 2.375 1.0 0.0 0.0 0.0
99.2 2.1875 3.25 2.3125 1.0 0.0 0.0 0.0
99.4 2.25 3.25 2.3125 1.0 0.0 0.0 0.0
99.60000000000001 2.25 3.3125 2.3125 1.0 0.0 0.0 0.0
99.80000000000001 2.25 3.3125 2.25 1.0 0.0 0.0 0.0
100.0 2.25 3.4375 2.25 1.0 0.0 0.0 0.0
100.2 2.1875 3.4375 2.25 1.0 0.0 0.0 0.0
100.4 2.1875 3.4375 2.1875 1.0 0.0 0.0 0.0
100.60000000000001 2.125 3.4375 2.1875 1.0 0.0 0.0 0.0
100.80000000000001 2.125 3.4375 2.1875 1.0 0.0 0.0 0.0
101.0 2.0625 3.5 2.1875 1.0 0.0 0.0 0.0
101.2 2.0 3.4375 2.125 1.0 0.0 0.0 0.0
101.4 2.0 3.4375 2.0625 1.0 0.0 0.0 0.0
101.60000000000001 2.0 3.4375 2.0625 1.0 0.0 0.0 0.0
101.80000000000001 1.9375 3.4375 2.0 1.0 0.0 0.0 0.0
102.0 1.9375 3.375 2.0 1.0 0.0 0.0 0.0
102.2 1.9375 3.375 1.9375 1.0 0.0 0.0 0.0
102.4 1.9375 3.3125 1.875 1.0 0.0 0.0 0.0
102.60000000000001 2.0 3.3125 1.875 1.0 0.0 0.0 0.0
102.80000000000001 1.9375 3.25 1.875 1.0 0.0 0.0 0.0
103.0 2.0 3.25 1.875 1.0 0.0 0.0 0.0
103.2 2.0 3.25 1.875 1.0 0.0 0.0 0.0
103.4 2.0625 3.25 1.875 1.0 0.0 0.0 0.0
103.60000000000001 2.0625 3.25 1.875 1.0 0.0 0.0 0.0
103.80000000000001 2.0625 3.1875 1.9375 1.0 0.0 0.0 0.0
104.0 2.0625 3.125 1.9375 1.0 0.0 0.0 0.0
104.2 2.0625 2.9375 1.9375 1.0 0.0 0.0 0.0
104.4 2.125 2.8125 1.9375 1.0 0.0 0.0 0.0
104.60000000000001 2.1875 2.6875 1.875 1.0 0.0 0.0 0.0
104.80000000000001 2.1875 2.5 1.875 1.0 0.0 0.0 0.0
105.0 2.25 2.4375 1.875 1.0 0.0 0.0 0.0
105.2 2.25 2.3125 1.9375 1.0 0.0 0.0 0.0
105.4 2.25 2.25 1.875 1.0 0.0 0.0 0.0
105.60000000000001 2.3125 2.125 1.875 1.0 0.0 0.0 0.0
105.80000000000001 2.25 2.0625 1.875 1.0 0.0 0.0 0.0
106.0 2.25 1.9375 1.8125 1.0 0.0 0.0 0.0
106.2 2.1875 1.8125 1.8125 1.0 0.0 0.0 0.0
106.4 2.125 1.75 1.8125 1.0 0.0 0.0 0.0
106.60000000000001 2.0625 1.6875 1.75 1.0 0.0 0.0 0.0
106.80000000000001 2.0625 1.5625 1.75 1.0 0.0 0.0 0.0
107.0 2.0 1.5625 1.75 1.0 0.0 0.0 0.0
107.2 2.0 1.5 1.75 1.0 0.0 0.0 0.0
107.4 2.0 1.375 1.75 1.0 0.0 0.0 0.0
107.60000000000001 2.0 1.3125 1.6875 1.0 0.0 0.0 0.0
107.80000000000001 2.0 1.25 1.6875 1.0 0.0 0.0 0.0
108.0 2.0 1.1875 1.625 1.0 0.0 0.0 0.0
108.2 2.0 1.125 1.6875 1.0 0.0 0.0 0.0
108.4 2.0 1.0625 1.75 1.0 0.0 0.0 0.0
108.60000000000001 2.0 1.0 1.75 1.0 0.0 0.0 0.0
108.80000000000001 2.0 0.9375 1.75 1.0 0.0 0.0 0.0
109.0 2.0 0.8125 1.75 1.0 0.0 0.0 0.0
109.2 2.0625 0.75 1.8125 1.0 0.0 0.0 0.0
109.4 2.0625 0.6875 1.8125 1.0 0.0 0.0 0.0
109.60000000000001 2.0625 0.5625 1.8125 1.0 0.0 0.0 0.0
109.80000000000001 2.0625 0.5 1.8125 1.0 0.0 0.0 0.0
110.0 2.0625 0.4375 1.75 1.0 0.0 0.0 0.0
110.2 2.125 0.375 1.75 1.0 0.0 0.0 0.0
110.4 2.125 0.375 1.75 1.0 0.0 0.0 0.0
110.60000000000001 2.125 0.3125 1.75 1.0 0.0 0.0 0.0
110.80000000000001 2.125 0.3125 1.8125 1.0 0.0 0.0 0.0
111.0 2.1875 0.25 1.8125 1.0 0.0 0.0 0.0
111.2 2.1875 0.25 1.75 1.0 0.0 0.0 0.0
111.4 2.1875 0.25 1.75 1.0 0.0 0.0 0.0
111.60000000000001 2.125 0.25 1.75 1.0 0.0 0.0 0.0
111.80000000000001 2.125 0.1875 1.8125 1.0 0.0 0.0 0.0
112.0 2.1875 0.1875 1.8125 1.0 0.0 0.0 0.0
112.2 2.25 0.1875 1.8125 1.0 0.0 0.0 0.0
112.4 2.25 0.0 1.8125 1.0 0.0 0.0 0.0
112.60000000000001 2.25 0.0 1.875 1.0 0.0 0.0 0.0
112.80000000000001 2.1875 -0.0625 1.875 1.0 0.0 0.0 0.0
113.0 2.1875 -0.0625 1.9375 1.0 0.0 0.0 0.0
113.2 2.1875 -0.3125 1.9375 1.0 0.0 0.0 0.0
113.4 2.1875 -0.125 1.9375 1.0 0.0 0.0 0.0
113.60000000000001 2.1875 -0.125 1.9375 1.0 0.0 0.0 0.0
113.80000000000001 2.1875 -0.25 1.9375 1.0 0.0 0.0 0.0
114.0 2.1875 -0.25 1.9375 1.0 0.0 0.0 0.0
114.2 2.1875 -0.3125 2.0 1.0 0.0 0.0 0.0
114.4 2.1875 -0.375 2.0 1.0 0.0 0.0 0.0
114.60000000000001 2.125 -0.375 2.0 1.0 0.0 0.0 0.0
114.80000000000001 2.125 -0.4375 2.0625 1.0 0.0 0.0 0.0
115.0 2.0625 -0.5 2.0625 1.0 0.0 0.0 0.0
115.2 2.0 -0.625 2.125 1.0 0.0 0.0 0.0
115.4 2.0 -0.6875 2.125 1.0 0.0 0.0 0.0
115.60000000000001 2.0 -0.625 2.125 1.0 0.0 0.0 0.0
115.80000000000001 1.9375 -0.6875 2.1875 1.0 0.0 0.0 0.0
116.0 1.9375 -0.75 2.1875 1.0 0.0 0.0 0.0
116.2 1.9375 -0.8125 2.1875 1.0 0.0 0.0 0.0
116.4 1.875 -0.875 2.25 1.0 0.0 0.0 0.0
116.60000000000001 1.9375 -0.9375 2.25 1.0 0.0 0.0 0.0
116.80000000000001 1.875 -1.0 2.3125 1.0 0.0 0.0 0.0
117.0 1.875 -1.0625 2.3125 1.0 0.0 0.0 0.0
117.2 1.875 -1.0625 2.5 1.0 0.0 0.0 0.0
117.4 1.8125 -1.125 2.5625 1.0 0.0 0.0 0.0
117.60000000000001 1.875 -1.1875 2.625 1.0 0.0 0.0 0.0
117.80000000000001 1.875 -1.25 2.625 1.0 0.0 0.0 0.0
118.0 1.875 -1.3125 2.625 1.0 0.0 0.0 0.0
118.2 1.8125 -1.375 2.6875 1.0 0.0 0.0 0.0
118.4 1.875 -1.4375 2.75 1.0 0.0 0.0 0.0
118.60000000000001 1.875 -1.5 2.75 1.0 0.0 0.0 0.0
118.80000000000001 1.875 -1.5625 2.8125 1.0 0.0 0.0 0.0
119.0 1.875 -1.625 2.75 1.0 0.0 0.0 0.0
119.2 1.8125 -1.625 2.8125 1.0 0.0 0.0 0.0
119.4 1.8125 -1.6875 2.9375 1.0 0.0 0.0 0.0
119.60000000000001 1.75 -1.8125 2.875 1.0 0.0 0.0 0.0
119.80000000000001 1.8125 -1.875 2.875 1.0 0.0 0.0 0.0
120.0 1.875 -1.875 2.75 1.0 0.0 0.0 0.0
120.2 1.9375 -1.875 2.75 1.0 0.0 0.0 0.0
120.4 1.9375 -1.875 2.75 1.0 0.0 0.0 0.0
120.60000000000001 1.875 -1.9375 2.6875 1.0 0.0 0.0 0.0
120.80000000000001 2.0 -2.1875 2.6875 1.0 0.0 0.0 0.0
121.0 1.9375 -2.1875 2.6875 1.0 0.0 0.0 0.0
121.2 1.9375 -2.1875 2.625 1.0 0.0 0.0 0.0
121.4 1.875 -2.3125 2.625 1.0 0.0 0.0 0.0
121.60000000000001 1.9375 -2.375 2.5625 1.0 0.0 0.0 0.0
121.80000000000001 2.0 -2.375 2.5625 1.0 0.0 0.0 0.0
122.0 2.0625 -2.5 2.5 1.0 0.0 0.0 0.0
122.2 2.0 -2.5 2.4375 1.0 0.0 0.0 0.0
122.4 2.0 -2.5625 2.4375 1.0 0.0 0.0 0.0
122.60000000000001 2.0 -2.5625 2.375 1.0 0.0 0.0 0.0
122.80000000000001 2.0 -2.5625 2.375 1.0 0.0 0.0 0.0
123.0 1.9375 -2.4375 2.3125 1.0 0.0 0.0 0.0
123.2 2.0 -2.3125 2.25 1.0 0.0 0.0 0.0
123.4 2.0 -2.3125 2.25 1.0 0.0 0.0 0.0
123.60000000000001 2.0 -2.25 2.1875 1.0 0.0 0.0 0.0
123.80000000000001 1.9375 -2.25 2.1875 1.0 0.0 0.0 0.0
124.0 1.9375 -2.1875 2.1875 1.0 0.0 0.0 0.0
124.2 1.9375 -2.1875 2.125 1.0 0.0 0.0 0.0
124.4 1.9375 -2.125 2.125 1.0 0.0 0.0 0.0
124.60000000000001 1.9375 -2.125 2.0625 1.0 0.0 0.0 0.0
124.80000000000001 1.9375 -2.0625 2.0625 1.0 0.0 0.0 0.0
125.0 1.9375 -2.0 2.0625 1.0 0.0 0.0 0.0
125.2 1.9375 -1.9375 2.0625 1.0 0.0 0.0 0.0
125.4 1.9375 -1.875 2.0625 1.0 0.0 0.0 0.0
125.60000000000001 1.9375 -1.8125 2.0625 1.0 0.0 0.0 0.0
125.80000000000001 1.9375 -1.75 2.0625 1.0 0.0 0.0 0.0
126.0 1.875 -1.6875 2.0 1.0 0.0 0.0 0.0
126.2 1.875 -1.6875 2.0 1.0 0.0 0.0 0.0
126.4 1.875 -1.625 2.0625 1.0 0.0 0.0 0.0
126.60000000000001 1.875 -1.625 2.0625 1.0 0.0 0.0 0.0
126.80000000000001 1.8125 -1.6875 2.0625 1.0 0.0 0.0 0.0
127.0 1.8125 -1.6875 2.0625 1.0 0.0 0.0 0.0
127.2 1.8125 -1.75 2.0625 1.0 0.0 0.0 0.0
127.4 1.8125 -1.75 2.0625 1.0 0.0 0.0 0.0
127.60000000000001 1.8125 -1.75 2.0625 1.0 0.0 0.0 0.0
127.80000000000001 1.8125 -1.6875 2.0625 1.0 0.0 0.0 0.0
128.0 1.8125 -1.75 2.0625 1.0 0.0 0.0 0.0
128.20000000000002 1.8125 -1.75 2.0625 1.0 0.0 0.0 0.0
128.4 1.8125 -1.75 2.0625 1.0 0.0 0.0 0.0
128.6 1.8125 -1.8125 2.0625 1.0 0.0 0.0 0.0
128.8 1.8125 -1.75 2.0625 1.0 0.0 0.0 0.0
129.0 1.8125 -1.8125 2.0625 1.0 0.0 0.0 0.0
129.20000000000002 1.6875 -1.8125 2.0625 1.0 0.0 0.0 0.0
129.4 1.6875 -1.875 2.0 1.0 0.0 0.0 0.0
129.6 1.6875 -1.875 2.0 1.0 0.0 0.0 0.0
129.8 1.6875 -1.875 2.0 1.0 0.0 0.0 0.0
130.0 1.6875 -1.9375 2.0 1.0 0.0 0.0 0.0
130.20000000000002 1.6875 -1.875 2.0 1.0 0.0 0.0 0.0
130.4 1.6875 -1.75 2.0 1.0 0.0 0.0 0.0
130.6 1.625 -1.6875 2.0 1.0 0.0 0.0 0.0
130.8 1.625 -1.5625 1.9375 1.0 0.0 0.0 0.0
131.0 1.6875 -1.5 1.9375 1.0 0.0 0.0 0.0
131.20000000000002 1.6875 -1.4375 1.8125 1.0 0.0 0.0 0.0
131.4 1.6875 -1.4375 1.8125 1.0 0.0 0.0 0.0
131.6 1.625 -1.4375 1.8125 1.0 0.0 0.0 0.0
131.8 1.5625 -1.375 1.8125 1.0 0.0 0.0 0.0
132.0 1.625 -1.375 1.75 1.0 0.0 0.0 0.0
132.20000000000002 1.6875 -1.3125 1.75 1.0 0.0 0.0 0.0
132.4 1.5625 -1.3125 1.75 1.0 0.0 0.0 0.0
132.6 1.3125 -1.25 1.75 1.0 0.0 0.0 0.0
132.8 1.1875 -1.1875 1.75 1.0 0.0 0.0 0.0
133.0 1.25 -1.25 1.6875 1.0 0.0 0.0 0.0
